-0.000501002 421.324
0 422.717
0.000501002 424.143
0.001002 425.601
0.00150301 427.094
0.00200401 428.622
0.00250501 430.186
0.00300601 431.788
0.00350701 433.429
0.00400802 435.111
0.00450902 436.833
0.00501002 438.599
0.00551102 440.41
0.00601202 442.267
0.00651303 444.171
0.00701403 446.126
0.00751503 448.132
0.00801603 450.191
0.00851703 452.306
0.00901804 454.479
0.00951904 456.712
0.01002 459.008
0.010521 461.368
0.011022 463.797
0.011523 466.295
0.012024 468.868
0.0125251 471.517
0.0130261 474.247
0.0135271 477.06
0.0140281 479.962
0.0145291 482.955
0.0150301 486.044
0.0155311 489.234
0.0160321 492.529
0.0165331 495.936
0.0170341 499.459
0.0175351 503.105
0.0180361 506.881
0.0185371 510.793
0.0190381 514.849
0.0195391 519.056
0.0200401 523.425
0.0205411 527.964
0.0210421 532.684
0.0215431 537.595
0.0220441 542.711
0.0225451 548.044
0.0230461 553.608
0.0235471 559.421
0.0240481 565.498
0.0245491 571.86
0.0250501 578.528
0.0255511 585.524
0.0260521 592.875
0.0265531 600.611
0.0270541 608.764
0.0275551 617.37
0.0280561 626.473
0.0285571 636.121
0.0290581 646.372
0.0295591 657.3
0.0300601 668.999
0.0305611 680.553
0.0310621 691.999
0.0315631 703.357
0.0320641 714.636
0.0325651 725.841
0.0330661 736.971
0.0335671 748.026
0.0340681 759.004
0.0345691 769.901
0.0350701 780.716
0.0355711 791.443
0.0360721 802.08
0.0365731 812.622
0.0370741 823.063
0.0375752 833.4
0.0380762 843.626
0.0385772 853.734
0.0390782 863.717
0.0395792 873.566
0.0400802 883.271
0.0405812 892.823
0.0410822 902.207
0.0415832 911.41
0.0420842 920.415
0.0425852 929.204
0.0430862 937.754
0.0435872 946.041
0.0440882 954.035
0.0445892 961.704
0.0450902 969.01
0.0455912 975.909
0.0460922 982.352
0.0465932 988.282
0.0470942 993.633
0.0475952 998.332
0.0480962 1002.29
0.0485972 1005.42
0.0490982 1007.61
0.0495992 1008.72
0.0501002 1008.55
0.0506012 1008.48
0.0511022 1008.45
0.0516032 1008.44
0.0521042 1008.43
0.0526052 1008.43
0.0531062 1008.43
0.0536072 1008.43
0.0541082 1008.43
0.0546092 1008.43
0.0551102 1008.43
0.0556112 1008.43
0.0561122 1008.43
0.0566132 1008.43
0.0571142 1008.43
0.0576152 1008.43
0.0581162 1008.43
0.0586172 1008.43
0.0591182 1008.43
0.0596192 1008.43
0.0601202 1008.43
0.0606212 1008.43
0.0611222 1008.43
0.0616232 1008.43
0.0621242 1008.43
0.0626253 1008.43
0.0631263 1008.43
0.0636273 1008.43
0.0641283 1008.43
0.0646293 1008.43
0.0651303 1008.43
0.0656313 1008.43
0.0661323 1008.43
0.0666333 1008.43
0.0671343 1008.43
0.0676353 1008.43
0.0681363 1008.43
0.0686373 1008.43
0.0691383 1008.43
0.0696393 1008.43
0.0701403 1008.43
0.0706413 1008.43
0.0711423 1008.43
0.0716433 1008.43
0.0721443 1008.43
0.0726453 1008.43
0.0731463 1008.43
0.0736473 1008.43
0.0741483 1008.43
0.0746493 1008.43
0.0751503 1008.43
0.0756513 1008.43
0.0761523 1008.43
0.0766533 1008.43
0.0771543 1008.43
0.0776553 1008.43
0.0781563 1008.43
0.0786573 1008.43
0.0791583 1008.43
0.0796593 1008.42
0.0801603 1008.42
0.0806613 1008.42
0.0811623 1008.42
0.0816633 1008.42
0.0821643 1008.42
0.0826653 1008.42
0.0831663 1008.42
0.0836673 1008.42
0.0841683 1008.42
0.0846693 1008.42
0.0851703 1008.42
0.0856713 1008.42
0.0861723 1008.42
0.0866733 1008.42
0.0871743 1008.42
0.0876754 1008.42
0.0881764 1008.42
0.0886774 1008.42
0.0891784 1008.42
0.0896794 1008.42
0.0901804 1008.42
0.0906814 1008.42
0.0911824 1008.42
0.0916834 1008.42
0.0921844 1008.42
0.0926854 1008.42
0.0931864 1008.42
0.0936874 1008.42
0.0941884 1008.42
0.0946894 1008.42
0.0951904 1008.42
0.0956914 1008.42
0.0961924 1008.42
0.0966934 1008.42
0.0971944 1008.42
0.0976954 1008.42
0.0981964 1008.42
0.0986974 1008.42
0.0991984 1008.42
0.0996994 1008.42
0.1002 1008.42
0.100701 1008.42
0.101202 1008.42
0.101703 1008.42
0.102204 1008.42
0.102705 1008.42
0.103206 1008.42
0.103707 1008.42
0.104208 1008.42
0.104709 1008.42
0.10521 1008.42
0.105711 1008.42
0.106212 1008.42
0.106713 1008.42
0.107214 1008.42
0.107715 1008.42
0.108216 1008.42
0.108717 1008.42
0.109218 1008.42
0.109719 1008.42
0.11022 1008.42
0.110721 1008.42
0.111222 1008.42
0.111723 1008.42
0.112224 1008.42
0.112725 1008.42
0.113226 1008.42
0.113727 1008.42
0.114228 1008.42
0.114729 1008.42
0.11523 1008.42
0.115731 1008.42
0.116232 1008.42
0.116733 1008.42
0.117234 1008.42
0.117735 1008.42
0.118236 1008.42
0.118737 1008.42
0.119238 1008.42
0.119739 1008.42
0.12024 1008.42
0.120741 1008.42
0.121242 1008.42
0.121743 1008.42
0.122244 1008.42
0.122745 1008.42
0.123246 1008.42
0.123747 1008.42
0.124248 1008.42
0.124749 1008.42
0.125251 1008.42
0.125752 1008.42
0.126253 1008.42
0.126754 1008.42
0.127255 1008.42
0.127756 1008.42
0.128257 1008.42
0.128758 1008.42
0.129259 1008.42
0.12976 1008.42
0.130261 1008.42
0.130762 1008.42
0.131263 1008.42
0.131764 1008.42
0.132265 1008.42
0.132766 1008.42
0.133267 1008.42
0.133768 1008.42
0.134269 1008.42
0.13477 1008.42
0.135271 1008.42
0.135772 1008.42
0.136273 1008.42
0.136774 1008.42
0.137275 1008.42
0.137776 1008.42
0.138277 1008.42
0.138778 1008.42
0.139279 1008.42
0.13978 1008.42
0.140281 1008.42
0.140782 1008.42
0.141283 1008.42
0.141784 1008.42
0.142285 1008.42
0.142786 1008.42
0.143287 1008.42
0.143788 1008.42
0.144289 1008.42
0.14479 1008.42
0.145291 1008.42
0.145792 1008.42
0.146293 1008.42
0.146794 1008.42
0.147295 1008.42
0.147796 1008.42
0.148297 1008.42
0.148798 1008.42
0.149299 1008.42
0.1498 1008.42
0.150301 1008.42
0.150802 1008.43
0.151303 1008.43
0.151804 1008.44
0.152305 1008.44
0.152806 1008.44
0.153307 1008.45
0.153808 1008.45
0.154309 1008.45
0.15481 1008.45
0.155311 1008.45
0.155812 1008.45
0.156313 1008.45
0.156814 1008.44
0.157315 1008.44
0.157816 1008.44
0.158317 1008.43
0.158818 1008.43
0.159319 1008.42
0.15982 1008.41
0.160321 1008.4
0.160822 1008.4
0.161323 1008.39
0.161824 1008.38
0.162325 1008.36
0.162826 1008.35
0.163327 1008.34
0.163828 1008.32
0.164329 1008.31
0.16483 1008.29
0.165331 1008.27
0.165832 1008.25
0.166333 1008.23
0.166834 1008.21
0.167335 1008.18
0.167836 1008.16
0.168337 1008.13
0.168838 1008.1
0.169339 1008.07
0.16984 1008.03
0.170341 1008
0.170842 1007.96
0.171343 1007.92
0.171844 1007.87
0.172345 1007.83
0.172846 1007.78
0.173347 1007.72
0.173848 1007.66
0.174349 1007.6
0.17485 1007.53
0.175351 1007.46
0.175852 1007.39
0.176353 1007.3
0.176854 1007.21
0.177355 1007.12
0.177856 1007.02
0.178357 1006.91
0.178858 1006.79
0.179359 1006.66
0.17986 1006.52
0.180361 1006.37
0.180862 1006.21
0.181363 1006.04
0.181864 1005.85
0.182365 1005.64
0.182866 1005.42
0.183367 1005.18
0.183868 1004.93
0.184369 1004.64
0.18487 1004.34
0.185371 1004.01
0.185872 1003.65
0.186373 1003.26
0.186874 1002.83
0.187375 1002.37
0.187876 1001.86
0.188377 1001.31
0.188878 1000.71
0.189379 1000.06
0.18988 999.349
0.190381 998.575
0.190882 997.733
0.191383 996.817
0.191884 995.82
0.192385 994.735
0.192886 993.558
0.193387 992.28
0.193888 990.895
0.194389 989.396
0.19489 987.776
0.195391 986.028
0.195892 984.147
0.196393 982.126
0.196894 979.962
0.197395 977.652
0.197896 975.193
0.198397 972.588
0.198898 969.839
0.199399 966.955
0.1999 963.956
0.200401 960.865
0.200902 957.688
0.201403 954.417
0.201904 951.043
0.202405 947.557
0.202906 943.958
0.203407 940.251
0.203908 936.439
0.204409 932.522
0.20491 928.505
0.205411 924.385
0.205912 920.172
0.206413 915.887
0.206914 911.534
0.207415 907.117
0.207916 902.657
0.208417 898.166
0.208918 893.654
0.209419 889.14
0.20992 884.633
0.210421 880.152
0.210922 875.709
0.211423 871.318
0.211924 866.993
0.212425 862.746
0.212926 858.588
0.213427 854.529
0.213928 850.578
0.214429 846.742
0.21493 843.026
0.215431 839.435
0.215932 835.972
0.216433 832.639
0.216934 829.434
0.217435 826.359
0.217936 823.412
0.218437 820.588
0.218938 817.888
0.219439 815.307
0.21994 812.839
0.220441 810.481
0.220942 808.231
0.221443 806.084
0.221944 804.033
0.222445 802.074
0.222946 800.204
0.223447 798.418
0.223948 796.712
0.224449 795.084
0.22495 793.529
0.225451 792.044
0.225952 790.623
0.226453 789.265
0.226954 787.967
0.227455 786.726
0.227956 785.539
0.228457 784.403
0.228958 783.315
0.229459 782.273
0.22996 781.274
0.230461 780.316
0.230962 779.4
0.231463 778.523
0.231964 777.683
0.232465 776.876
0.232966 776.101
0.233467 775.36
0.233968 774.652
0.234469 773.97
0.23497 773.315
0.235471 772.69
0.235972 772.091
0.236473 771.513
0.236974 770.962
0.237475 770.435
0.237976 769.926
0.238477 769.441
0.238978 768.978
0.239479 768.532
0.23998 768.106
0.240481 767.699
0.240982 767.309
0.241483 766.937
0.241984 766.58
0.242485 766.24
0.242986 765.916
0.243487 765.607
0.243988 765.314
0.244489 765.033
0.24499 764.767
0.245491 764.513
0.245992 764.273
0.246493 764.046
0.246994 763.831
0.247495 763.627
0.247996 763.436
0.248497 763.257
0.248998 763.094
0.249499 762.95
0.25 762.883
0.250501 762.883

