0.004418
0.004418
0.004418
0.004418
0.004418
0.004418
0.004418
0.004418
0.004418
0.004418
0.004418
0.004418
0.004418
0.004418
0.004418
0.004418
0.004418
0.004418
0.004418
0.004418
0.004418
0.004418
0.004418
0.004418
0.004418
0.004418
0.004418
0.004418
0.004418
0.004418
0.004418
0.004418
0.004418
0.004418
0.004418
0.004418
0.004418
0.004418
0.004418
0.004418
0.004418
0.004418
0.004418
0.004418
0.004418
0.004418
0.004418
0.004418
0.004418
0.004418
0.004418
0.004418
0.004418
0.004418
0.004418
0.004418
0.004418
0.004418
0.004418
0.004418
0.004418
0.004418
0.004418
0.004418
0.004418
0.004418
0.004418
0.004418
0.004418
0.004418
0.004418
0.004418
0.004418
0.004418
0.004418
0.004418
0.004418
0.004418
0.004418
0.004418
0.004418
0.004418
0.004418
0.004418
0.004418
0.004418
0.004418
0.004418
0.004418
0.004418
0.004418
0.004418
0.004418
0.004418
0.004418
0.004418
0.004418
0.004418
0.004418
0.004418
0.004418
0.004418
0.004418
0.004418
0.004418
0.004418
0.004418
0.004418
0.004418
0.004418
0.004418
0.004418
0.004418
0.004418
0.004418
0.004418
0.004418
0.004418
0.004418
0.004418
0.004418
0.004418
0.004418
0.004418
0.004418
0.004418
0.004418
0.004418
0.004418
0.004418
0.004418
0.004418
0.004418
0.004418
0.004418
0.004418
0.004418
0.004418
0.004418
0.004418
0.004418
0.004418
0.004418
0.004418
0.004418
0.004418
0.004418
0.004418
0.004418
0.004418
0.004418
0.004418
0.004418
0.004418
0.004418
0.004418
0.004418
0.004418
0.004418
0.004418
0.004418
0.004418
0.004418
0.004418
0.004418
0.004418
0.004418
0.004418
0.004418
0.004418
0.004418
0.004418
0.004418
0.004418
0.004418
0.004418
0.004418
0.004418
0.004418
0.004418
0.004418
0.004418
0.004418
0.004418
0.004418
0.004418
0.004418
0.004418
0.004418
0.004418
0.004418
0.004418
0.004418
0.004418
0.004418
0.004418
0.004418
0.004418
0.004418
0.004418
0.004418
0.004418
0.004418
0.004418
0.004418
0.004418
0.004418
0.004418
0.004418
0.004418
0.004418
0.004418
0.004418
0.004418
0.004418
0.004418
0.004418
0.004418
0.004418
0.004418
0.004418
0.004418
0.004418
0.004418
0.004418
0.004418
0.004418
0.004418
0.004418
0.004418
0.004418
0.004418
0.004418
0.004418
0.004418
0.004418
0.004418
0.004418
0.004418
0.004418
0.004418
0.004418
0.004418
0.004418
0.004418
0.004418
0.004418
0.004418
0.004418
0.004418
0.004418
0.004418
0.004418
0.004418
0.004418
0.004418
0.004418
0.004418
0.004418
0.004418
0.004418
0.004418
0.004418
0.004418
0.004418
0.004418
0.004418
0.004418
0.004418
0.004418
0.004418
0.004418
0.004418
0.004418
0.004418
0.004418
0.004418
0.004418
0.004418
0.004418
0.004418
0.004418
0.004418
0.004418
0.004418
0.004418
0.004418
0.004418
0.004418
0.004418
0.004418
0.004418
0.004418
0.004418
0.004418
0.004418
0.004418
0.004418
0.004418
0.004418
0.004418
0.00441736
0.00441503
0.00441062
0.00440418
0.00439575
0.00438537
0.00437308
0.00435893
0.00434297
0.00432523
0.00430575
0.00428458
0.00426177
0.00423735
0.00421137
0.00418388
0.00415491
0.0041245
0.00409271
0.00405957
0.00402513
0.00398942
0.0039525
0.00391441
0.00387519
0.00383487
0.00379351
0.00375115
0.00370783
0.0036636
0.00361849
0.00357255
0.00352582
0.00347835
0.00343018
0.00338135
0.00333191
0.00328189
0.00323134
0.00318031
0.00312884
0.00307696
0.00302473
0.00297218
0.00291936
0.00286632
0.00281309
0.00275971
0.00270624
0.00265271
0.00259917
0.00254566
0.00249222
0.0024389
0.00238574
0.00233277
0.00228006
0.00222763
0.00217553
0.0021238
0.0020725
0.00202165
0.0019713
0.00192151
0.0018723
0.00182372
0.00177581
0.00172863
0.0016822
0.00163658
0.00159181
0.00154793
0.00150498
0.001463
0.00142205
0.00138216
0.00134338
0.00130575
0.00126931
0.00123411
0.00120018
0.00116757
0.00113633
0.0011065
0.00107811
0.00105122
0.00102586
0.00100208
0.000979921
0.000959428
0.000940643
0.000923608
0.000908367
0.000894963
0.000883438
0.000873836
0.0008662
0.000860572
0.000856996
0.000855515
0.000855853
0.000857671
0.000860949
0.000865743
0.000872112
0.000880252
0.000890103
0.000901715
0.000915136
0.000930407
0.000947569
0.000966964
0.000988345
0.00101171
0.00103724
0.00106501
0.00109478
0.00112677
0.00116087
0.00119691
0.00123512
0.00127504
0.00131695
0.00136037
0.00140543
0.00145176
0.00149935
0.00154789
0.00159728
0.00164726
0.00169768
0.00174835
0.00179907
0.0018497
0.00190009
0.00195005
0.00199951
0.00204838
0.00209645
0.00214375
0.00219022
0.00223576
0.00228026
0.00232378
0.0023663
0.00240779
0.00244824
0.00248764
0.00252598
0.00256323
0.00259944
0.00263463
0.00266881
0.002702
0.00273416
0.00276535
0.0027956
0.00282492
0.00285335
0.00288092
0.00290765
0.00293358
0.00295858
0.00298274
0.00300616
0.00302888
0.00305093
0.00307201
0.00309247
0.00311233
0.00313152
0.00314989
0.00316773
0.00318508
0.00320154
0.00321754
0.00323311
0.00324782
0.00326214
0.00327599
0.00328911
0.00330192
0.0033141
0.0033258
0.00333716
0.00334782
0.00335826
0.00336803
0.0033775
0.0033865
0.00339506
0.00340331
0.003411
0.0034185
0.00342537
0.00343214
0.00343823
0.00344429
0.00344964
0.003455
0.003455

