-0.000501002 4.20753e+06
0 4.20753e+06
0.000501002 4.20753e+06
0.001002 4.20753e+06
0.00150301 4.20753e+06
0.00200401 4.20753e+06
0.00250501 4.20753e+06
0.00300601 4.20753e+06
0.00350701 4.20753e+06
0.00400802 4.20753e+06
0.00450902 4.20753e+06
0.00501002 4.20753e+06
0.00551102 4.20753e+06
0.00601202 4.20753e+06
0.00651303 4.20753e+06
0.00701403 4.20753e+06
0.00751503 4.20753e+06
0.00801603 4.20753e+06
0.00851703 4.20753e+06
0.00901804 4.20753e+06
0.00951904 4.20753e+06
0.01002 4.20753e+06
0.010521 4.20753e+06
0.011022 4.20753e+06
0.011523 4.20753e+06
0.012024 4.20753e+06
0.0125251 4.20753e+06
0.0130261 4.20753e+06
0.0135271 4.20753e+06
0.0140281 4.20753e+06
0.0145291 4.20753e+06
0.0150301 4.20753e+06
0.0155311 4.20753e+06
0.0160321 4.20753e+06
0.0165331 4.20753e+06
0.0170341 4.20753e+06
0.0175351 4.20753e+06
0.0180361 4.20753e+06
0.0185371 4.20753e+06
0.0190381 4.20753e+06
0.0195391 4.20753e+06
0.0200401 4.20753e+06
0.0205411 4.20753e+06
0.0210421 4.20753e+06
0.0215431 4.20753e+06
0.0220441 4.20753e+06
0.0225451 4.20753e+06
0.0230461 4.20753e+06
0.0235471 4.20754e+06
0.0240481 4.20754e+06
0.0245491 4.20755e+06
0.0250501 4.20756e+06
0.0255511 4.20759e+06
0.0260521 4.20763e+06
0.0265531 4.20772e+06
0.0270541 4.20789e+06
0.0275551 4.20822e+06
0.0280561 4.20887e+06
0.0285571 4.21016e+06
0.0290581 4.21277e+06
0.0295591 4.21812e+06
0.0300601 4.22928e+06
0.0305611 4.23352e+06
0.0310621 4.23418e+06
0.0315631 4.23304e+06
0.0320641 4.23102e+06
0.0325651 4.22858e+06
0.0330661 4.22598e+06
0.0335671 4.22332e+06
0.0340681 4.22065e+06
0.0345691 4.21801e+06
0.0350701 4.21541e+06
0.0355711 4.21284e+06
0.0360721 4.21031e+06
0.0365731 4.20782e+06
0.0370741 4.20536e+06
0.0375752 4.20294e+06
0.0380762 4.20054e+06
0.0385772 4.19818e+06
0.0390782 4.19584e+06
0.0395792 4.19353e+06
0.0400802 4.19124e+06
0.0405812 4.18898e+06
0.0410822 4.18674e+06
0.0415832 4.18453e+06
0.0420842 4.18233e+06
0.0425852 4.18015e+06
0.0430862 4.178e+06
0.0435872 4.17586e+06
0.0440882 4.17374e+06
0.0445892 4.17164e+06
0.0450902 4.16956e+06
0.0455912 4.1675e+06
0.0460922 4.16546e+06
0.0465932 4.16344e+06
0.0470942 4.16144e+06
0.0475952 4.15946e+06
0.0480962 4.15749e+06
0.0485972 4.15546e+06
0.0490982 4.15314e+06
0.0495992 4.14954e+06
0.0501002 4.14065e+06
0.0506012 4.13753e+06
0.0511022 4.13643e+06
0.0516032 4.13605e+06
0.0521042 4.13591e+06
0.0526052 4.13586e+06
0.0531062 4.13585e+06
0.0536072 4.13584e+06
0.0541082 4.13584e+06
0.0546092 4.13584e+06
0.0551102 4.13584e+06
0.0556112 4.13584e+06
0.0561122 4.13584e+06
0.0566132 4.13584e+06
0.0571142 4.13584e+06
0.0576152 4.13584e+06
0.0581162 4.13584e+06
0.0586172 4.13584e+06
0.0591182 4.13584e+06
0.0596192 4.13584e+06
0.0601202 4.13584e+06
0.0606212 4.13584e+06
0.0611222 4.13584e+06
0.0616232 4.13584e+06
0.0621242 4.13584e+06
0.0626253 4.13584e+06
0.0631263 4.13584e+06
0.0636273 4.13584e+06
0.0641283 4.13584e+06
0.0646293 4.13584e+06
0.0651303 4.13584e+06
0.0656313 4.13584e+06
0.0661323 4.13584e+06
0.0666333 4.13584e+06
0.0671343 4.13584e+06
0.0676353 4.13584e+06
0.0681363 4.13584e+06
0.0686373 4.13584e+06
0.0691383 4.13584e+06
0.0696393 4.13584e+06
0.0701403 4.13584e+06
0.0706413 4.13584e+06
0.0711423 4.13584e+06
0.0716433 4.13584e+06
0.0721443 4.13584e+06
0.0726453 4.13584e+06
0.0731463 4.13584e+06
0.0736473 4.13584e+06
0.0741483 4.13584e+06
0.0746493 4.13584e+06
0.0751503 4.13584e+06
0.0756513 4.13584e+06
0.0761523 4.13584e+06
0.0766533 4.13584e+06
0.0771543 4.13584e+06
0.0776553 4.13584e+06
0.0781563 4.13584e+06
0.0786573 4.13584e+06
0.0791583 4.13584e+06
0.0796593 4.13584e+06
0.0801603 4.13584e+06
0.0806613 4.13584e+06
0.0811623 4.13584e+06
0.0816633 4.13584e+06
0.0821643 4.13584e+06
0.0826653 4.13584e+06
0.0831663 4.13584e+06
0.0836673 4.13584e+06
0.0841683 4.13584e+06
0.0846693 4.13584e+06
0.0851703 4.13584e+06
0.0856713 4.13584e+06
0.0861723 4.13584e+06
0.0866733 4.13584e+06
0.0871743 4.13584e+06
0.0876754 4.13584e+06
0.0881764 4.13584e+06
0.0886774 4.13584e+06
0.0891784 4.13584e+06
0.0896794 4.13584e+06
0.0901804 4.13584e+06
0.0906814 4.13584e+06
0.0911824 4.13584e+06
0.0916834 4.13584e+06
0.0921844 4.13584e+06
0.0926854 4.13584e+06
0.0931864 4.13584e+06
0.0936874 4.13584e+06
0.0941884 4.13584e+06
0.0946894 4.13584e+06
0.0951904 4.13584e+06
0.0956914 4.13584e+06
0.0961924 4.13584e+06
0.0966934 4.13584e+06
0.0971944 4.13584e+06
0.0976954 4.13584e+06
0.0981964 4.13584e+06
0.0986974 4.13584e+06
0.0991984 4.13584e+06
0.0996994 4.13584e+06
0.1002 4.13584e+06
0.100701 4.13584e+06
0.101202 4.13584e+06
0.101703 4.13584e+06
0.102204 4.13584e+06
0.102705 4.13584e+06
0.103206 4.13584e+06
0.103707 4.13584e+06
0.104208 4.13584e+06
0.104709 4.13584e+06
0.10521 4.13584e+06
0.105711 4.13584e+06
0.106212 4.13584e+06
0.106713 4.13584e+06
0.107214 4.13584e+06
0.107715 4.13584e+06
0.108216 4.13584e+06
0.108717 4.13584e+06
0.109218 4.13584e+06
0.109719 4.13584e+06
0.11022 4.13584e+06
0.110721 4.13584e+06
0.111222 4.13584e+06
0.111723 4.13584e+06
0.112224 4.13584e+06
0.112725 4.13584e+06
0.113226 4.13584e+06
0.113727 4.13584e+06
0.114228 4.13584e+06
0.114729 4.13584e+06
0.11523 4.13584e+06
0.115731 4.13584e+06
0.116232 4.13584e+06
0.116733 4.13584e+06
0.117234 4.13584e+06
0.117735 4.13584e+06
0.118236 4.13584e+06
0.118737 4.13584e+06
0.119238 4.13584e+06
0.119739 4.13584e+06
0.12024 4.13584e+06
0.120741 4.13584e+06
0.121242 4.13584e+06
0.121743 4.13584e+06
0.122244 4.13584e+06
0.122745 4.13584e+06
0.123246 4.13584e+06
0.123747 4.13584e+06
0.124248 4.13584e+06
0.124749 4.13584e+06
0.125251 4.13584e+06
0.125752 4.13584e+06
0.126253 4.13584e+06
0.126754 4.13584e+06
0.127255 4.13584e+06
0.127756 4.13584e+06
0.128257 4.13584e+06
0.128758 4.13584e+06
0.129259 4.13584e+06
0.12976 4.13584e+06
0.130261 4.13584e+06
0.130762 4.13584e+06
0.131263 4.13584e+06
0.131764 4.13584e+06
0.132265 4.13584e+06
0.132766 4.13584e+06
0.133267 4.13584e+06
0.133768 4.13584e+06
0.134269 4.13584e+06
0.13477 4.13584e+06
0.135271 4.13584e+06
0.135772 4.13584e+06
0.136273 4.13584e+06
0.136774 4.13584e+06
0.137275 4.13584e+06
0.137776 4.13584e+06
0.138277 4.13584e+06
0.138778 4.13584e+06
0.139279 4.13584e+06
0.13978 4.13584e+06
0.140281 4.13584e+06
0.140782 4.13584e+06
0.141283 4.13584e+06
0.141784 4.13584e+06
0.142285 4.13584e+06
0.142786 4.13584e+06
0.143287 4.13584e+06
0.143788 4.13584e+06
0.144289 4.13584e+06
0.14479 4.13584e+06
0.145291 4.13584e+06
0.145792 4.13584e+06
0.146293 4.13584e+06
0.146794 4.13584e+06
0.147295 4.13584e+06
0.147796 4.13584e+06
0.148297 4.13584e+06
0.148798 4.13584e+06
0.149299 4.13585e+06
0.1498 4.13591e+06
0.150301 4.13603e+06
0.150802 4.13621e+06
0.151303 4.13641e+06
0.151804 4.13658e+06
0.152305 4.13672e+06
0.152806 4.13682e+06
0.153307 4.13688e+06
0.153808 4.13691e+06
0.154309 4.1369e+06
0.15481 4.13684e+06
0.155311 4.13675e+06
0.155812 4.13663e+06
0.156313 4.13646e+06
0.156814 4.13625e+06
0.157315 4.13601e+06
0.157816 4.13572e+06
0.158317 4.13539e+06
0.158818 4.13502e+06
0.159319 4.13461e+06
0.15982 4.13415e+06
0.160321 4.13364e+06
0.160822 4.13308e+06
0.161323 4.13248e+06
0.161824 4.13182e+06
0.162325 4.13111e+06
0.162826 4.13034e+06
0.163327 4.12951e+06
0.163828 4.12862e+06
0.164329 4.12766e+06
0.16483 4.12664e+06
0.165331 4.12554e+06
0.165832 4.12436e+06
0.166333 4.12311e+06
0.166834 4.12177e+06
0.167335 4.12033e+06
0.167836 4.11881e+06
0.168337 4.11718e+06
0.168838 4.11544e+06
0.169339 4.11358e+06
0.16984 4.11161e+06
0.170341 4.1095e+06
0.170842 4.10725e+06
0.171343 4.10486e+06
0.171844 4.1023e+06
0.172345 4.09957e+06
0.172846 4.09666e+06
0.173347 4.09355e+06
0.173848 4.09023e+06
0.174349 4.08669e+06
0.17485 4.0829e+06
0.175351 4.07885e+06
0.175852 4.07451e+06
0.176353 4.06988e+06
0.176854 4.06491e+06
0.177355 4.05959e+06
0.177856 4.05389e+06
0.178357 4.04778e+06
0.178858 4.04122e+06
0.179359 4.03419e+06
0.17986 4.02662e+06
0.180361 4.0185e+06
0.180862 4.00976e+06
0.181363 4.00037e+06
0.181864 3.99025e+06
0.182365 3.97936e+06
0.182866 3.96762e+06
0.183367 3.95497e+06
0.183868 3.94133e+06
0.184369 3.92662e+06
0.18487 3.91074e+06
0.185371 3.8936e+06
0.185872 3.8751e+06
0.186373 3.85513e+06
0.186874 3.83355e+06
0.187375 3.81026e+06
0.187876 3.78511e+06
0.188377 3.75797e+06
0.188878 3.72868e+06
0.189379 3.69709e+06
0.18988 3.66305e+06
0.190381 3.62639e+06
0.190882 3.58694e+06
0.191383 3.54455e+06
0.191884 3.49905e+06
0.192385 3.4503e+06
0.192886 3.39816e+06
0.193387 3.3425e+06
0.193888 3.28324e+06
0.194389 3.22029e+06
0.19489 3.15364e+06
0.195391 3.0833e+06
0.195892 3.00932e+06
0.196393 2.93183e+06
0.196894 2.85102e+06
0.197395 2.76715e+06
0.197896 2.68057e+06
0.198397 2.59172e+06
0.198898 2.50114e+06
0.199399 2.40948e+06
0.1999 2.31767e+06
0.200401 2.22666e+06
0.200902 2.13675e+06
0.201403 2.04782e+06
0.201904 1.95975e+06
0.202405 1.87251e+06
0.202906 1.78627e+06
0.203407 1.70134e+06
0.203908 1.61791e+06
0.204409 1.5362e+06
0.20491 1.45638e+06
0.205411 1.37851e+06
0.205912 1.3029e+06
0.206413 1.22998e+06
0.206914 1.15979e+06
0.207415 1.0924e+06
0.207916 1.02806e+06
0.208417 966853
0.208918 908779
0.209419 853957
0.20992 802316
0.210421 753860
0.210922 708529
0.211423 666237
0.211924 626904
0.212425 590398
0.212926 556599
0.213427 525356
0.213928 496531
0.214429 469966
0.21493 445514
0.215431 423021
0.215932 402342
0.216433 383336
0.216934 365864
0.217435 349804
0.217936 335034
0.218437 321436
0.218938 308918
0.219439 297382
0.21994 286732
0.220441 276892
0.220942 267798
0.221443 259382
0.221944 251576
0.222445 244327
0.222946 237589
0.223447 231317
0.223948 225474
0.224449 220024
0.22495 214936
0.225451 210177
0.225952 205719
0.226453 201541
0.226954 197621
0.227455 193941
0.227956 190481
0.228457 187223
0.228958 184152
0.229459 181254
0.22996 178516
0.230461 175928
0.230962 173484
0.231463 171177
0.231964 168993
0.232465 166919
0.232966 164948
0.233467 163086
0.233968 161324
0.234469 159645
0.23497 158047
0.235471 156535
0.235972 155099
0.236473 153726
0.236974 152426
0.237475 151194
0.237976 150013
0.238477 148895
0.238978 147834
0.239479 146819
0.23998 145857
0.240481 144942
0.240982 144070
0.241483 143244
0.241984 142455
0.242485 141708
0.242986 140999
0.243487 140325
0.243988 139688
0.244489 139082
0.24499 138509
0.245491 137966
0.245992 137453
0.246493 136968
0.246994 136511
0.247495 136081
0.247996 135677
0.248497 135299
0.248998 134952
0.249499 134645
0.25 134498
0.250501 134498

