0 12 0.000124354 49.9869 300.008
0.000501002 24 0.000135409 49.9666 300.026
0.001002 25 0.000132307 49.9353 300.052
0.00150301 21 0.0001288 49.8973 300.082
0.00200401 29 0.000136023 49.8836 300.117
0.00250501 15 0.000126003 49.811 300.157
0.00300601 24 0.000138423 49.8361 300.195
0.00350701 31 0.00012368 49.7289 300.239
0.00400802 30 0.000130048 49.7272 300.291
0.00450902 20 0.000135789 49.7324 300.344
0.00501002 26 0.000137021 49.7166 300.393
0.00551102 27 0.000124301 49.5802 300.455
0.00601202 21 0.000127665 49.5716 300.518
0.00651303 20 0.00013526 49.6163 300.583
0.00701403 30 0.000138029 49.618 300.658
0.00751503 17 0.000132676 49.5309 300.728
0.00801603 25 0.000133978 49.5133 300.812
0.00851703 24 0.000135103 49.5006 300.885
0.00901804 24 0.000140387 49.5486 300.981
0.00951904 24 0.000131194 49.3823 301.079
0.01002 31 0.000131916 49.3587 301.195
0.010521 17 0.00014458 49.5438 301.31
0.011022 27 0.000127809 49.2275 301.389
0.011523 23 0.000128089 49.1993 301.511
0.012024 27 0.00013074 49.2133 301.639
0.0125251 37 0.000134923 49.2698 301.759
0.0130261 31 0.000128364 49.0983 301.91
0.0135271 31 0.000124083 48.9699 302.051
0.0140281 21 0.000129759 49.0628 302.198
0.0145291 15 0.00013167 49.0744 302.356
0.0150301 34 0.000130701 49.0235 302.511
0.0155311 17 0.000128061 48.9253 302.679
0.0160321 27 0.000128119 48.8904 302.86
0.0165331 20 0.000128309 48.8623 303.044
0.0170341 19 0.000134006 48.9947 303.224
0.0175351 19 0.000127156 48.7638 303.444
0.0180361 30 0.000127918 48.7504 303.666
0.0185371 26 0.000123563 48.5777 303.89
0.0190381 24 0.000134028 48.8836 304.085
0.0195391 30 0.000130356 48.7297 304.361
0.0200401 29 0.000123915 48.4781 304.637
0.0205411 19 0.00012419 48.4537 304.873
0.0210421 24 0.000128204 48.56 305.176
0.0215431 23 0.000134712 48.771 305.425
0.0220441 21 0.000125711 48.4011 305.755
0.0225451 22 0.000130204 48.5421 306.074
0.0230461 23 0.000130645 48.528 306.427
0.0235471 19 0.000127836 48.3769 306.799
0.0240481 10 0.000126406 48.2887 307.129
0.0245491 20 0.000128356 48.3355 307.533
0.0250501 22 0.000123874 48.11 307.944
0.0255511 22 0.000123741 48.0652 308.404
0.0260521 32 0.00012564 48.1191 308.789
0.0265531 23 0.000126147 48.115 309.195
0.0270541 37 0.000123176 47.9294 309.803
0.0275551 27 0.000128265 48.1445 310.298
0.0280561 22 0.00012501 47.9501 310.849
0.0285571 25 0.00012361 47.843 311.45
0.0290581 24 0.000120998 47.6675 312.168
0.0295591 29 0.000131537 48.198 312.621
0.0300601 17 0.000126811 47.9135 313.394
0.0305611 26 0.00012538 47.8054 314.168
0.0310621 31 0.000122513 47.6237 314.914
0.0315631 10 0.000140859 48.6389 315.629
0.0320641 15 0.000140734 48.6249 316.348
0.0325651 15 0.000140586 48.6099 317.251
0.0330661 11 0.000140403 48.594 318.408
0.0335671 19 0.00014027 48.5838 319.311
0.0340681 16 0.000140158 48.5761 320.092
0.0345691 14 0.000139994 48.5663 321.293
0.0350701 24 0.000139852 48.5589 322.369
0.0355711 14 0.000139712 48.5525 323.467
0.0360721 8 0.00013954 48.5456 324.908
0.0365731 21 0.000139426 48.5414 325.88
0.0370741 12 0.000139258 48.5358 327.366
0.0375752 22 0.000139117 48.5314 328.68
0.0380762 18 0.00013898 48.5271 329.992
0.0385772 22 0.000138845 48.523 331.311
0.0390782 21 0.000138681 48.5184 332.99
0.0395792 10 0.000138544 48.5149 334.447
0.0400802 11 0.000138388 48.5117 336.161
0.0405812 14 0.000138252 48.5097 337.683
0.0410822 14 0.000138119 48.5087 339.218
0.0415832 25 0.000137973 48.5087 340.944
0.0420842 11 0.000137811 48.5105 342.927
0.0425852 10 0.000137673 48.5137 344.648
0.0430862 18 0.000137542 48.5185 346.363
0.0435872 16 0.0001374 48.5254 348.214
0.0440882 19 0.000137266 48.5341 350.03
0.0445892 13 0.000137141 48.5441 351.747
0.0450902 20 0.000136978 48.5605 354.046
0.0455912 16 0.000136833 48.5783 356.141
0.0460922 17 0.000136691 48.5985 358.194
0.0465932 18 0.000136578 48.6176 359.908
0.0470942 13 0.000136401 48.6514 362.568
0.0475952 18 0.000136267 48.6809 364.617
0.0480962 11 0.000136129 48.715 366.744
0.0485972 17 0.000135983 48.7561 369.051
0.0490982 15 0.000135853 48.7969 371.122
0.0495992 14 0.000135709 48.8466 373.428
0.0501002 19 0.000135571 48.8974 375.617
0.0506012 19 0.00013543 48.9516 377.864
0.0511022 13 0.000135286 49.0082 380.165
0.0516032 14 0.000135156 49.0585 382.194
0.0521042 16 0.000135021 49.1121 384.341
0.0526052 12 0.000134882 49.168 386.567
0.0531062 15 0.000134725 49.2316 389.08
0.0536072 14 0.000134614 49.2763 390.838
0.0541082 14 0.000134465 49.3373 393.226
0.0546092 6 0.000134349 49.3854 395.092
0.0551102 11 0.000134204 49.4445 397.379
0.0556112 17 0.00013406 49.504 399.669
0.0561122 10 0.000133929 49.5588 401.767
0.0566132 14 0.000133787 49.6189 404.054
0.0571142 16 0.000133655 49.6746 406.159
0.0576152 9 0.000133537 49.7247 408.046
0.0581162 15 0.000133373 49.7942 410.648
0.0586172 15 0.000133261 49.843 412.466
0.0591182 13 0.000133124 49.902 414.652
0.0596192 12 0.000132998 49.956 416.644
0.0601202 11 0.000132852 50.02 418.99
0.0606212 11 0.000132745 50.0683 420.752
0.0611222 9 0.000132593 50.1342 423.145
0.0616232 8 0.000132438 50.2049 425.691
0.0621242 8 0.000132334 50.2499 427.306
0.0626253 14 0.000132187 50.3152 429.643
0.0631263 15 0.000132054 50.3754 431.782
0.0636273 17 0.000131943 50.4262 433.576
0.0641283 11 0.000131803 50.4901 435.825
0.0646293 9 0.000131677 50.548 437.855
0.0651303 21 0.000131541 50.6104 440.028
0.0656313 16 0.000131428 50.663 441.851
0.0661323 17 0.000131307 50.7195 443.803
0.0666333 14 0.000131171 50.7833 445.993
0.0671343 14 0.00013103 50.8495 448.253
0.0676353 18 0.000130915 50.9045 450.127
0.0681363 14 0.000130767 50.975 452.51
0.0686373 24 0.000130652 51.0296 454.348
0.0691383 10 0.000130525 51.0907 456.398
0.0696393 17 0.000130411 51.1462 458.248
0.0701403 13 0.000130277 51.2106 460.385
0.0706413 14 0.000130129 51.2829 462.777
0.0711423 7 0.000130018 51.3375 464.571
0.0716433 9 0.000129903 51.395 466.452
0.0721443 7 0.000129779 51.455 468.411
0.0726453 10 0.000129658 51.5163 470.397
0.0731463 16 0.000129545 51.5717 472.184
0.0736473 15 0.000129412 51.6389 474.35
0.0741483 9 0.000129291 51.6996 476.295
0.0746493 14 0.000129151 51.7713 478.576
0.0751503 12 0.000129032 51.8314 480.487
0.0756513 10 0.000128881 51.9082 482.905
0.0761523 12 0.000128792 51.954 484.343
0.0766533 13 0.00012867 52.0186 486.371
0.0771543 7 0.000128549 52.0812 488.32
0.0776553 14 0.000128421 52.1472 490.367
0.0781563 46 0.000174966 51.1476 491.734
0.0786573 31 0.000169672 51.2998 493.59
0.0791583 38 0.000171204 51.2996 495.822
0.0796593 38 0.000176616 51.1964 497.76
0.0801603 39 0.000169689 51.403 499.895
0.0806613 32 0.00017864 51.1978 501.705
0.0811623 34 0.000173344 51.3679 503.802
0.0816633 37 0.00016755 51.5536 505.603
0.0821643 25 0.000175269 51.3693 507.61
0.0826653 36 0.00016633 51.6519 509.379
0.0831663 40 0.000167512 51.6502 511.266
0.0836673 31 0.000176744 51.4092 513.397
0.0841683 50 0.000180054 51.331 515.315
0.0846693 46 0.000173814 51.5559 517.422
0.0851703 44 0.000172578 51.6224 519.322
0.0856713 42 0.000176215 51.5308 521.294
0.0861723 36 0.000182333 51.3495 523.314
0.0866733 38 0.00017735 51.5454 525.284
0.0871743 31 0.000175261 51.6462 527.238
0.0876754 32 0.000173518 51.7329 529.168
0.0881764 44 0.0001745 51.7228 531.004
0.0886774 36 0.000167864 51.9986 532.906
0.0891784 28 0.000164967 52.1385 534.616
0.0896794 41 0.000165732 52.1408 536.522
0.0901804 30 0.000168834 52.0477 538.373
0.0906814 46 0.000181779 51.56 540.713
0.0911824 23 0.000175651 51.8324 542.425
0.0916834 30 0.000177298 51.7894 544.537
0.0921844 31 0.000171025 52.078 546.316
0.0926854 46 0.000175004 51.9355 548.374
0.0931864 29 0.000176114 51.9092 550.292
0.0936874 40 0.000173663 52.0439 551.963
0.0941884 35 0.000174648 52.0228 553.987
0.0946894 37 0.000160842 52.6831 555.418
0.0951904 39 0.00016395 52.5738 557.533
0.0956914 27 0.000176348 52.015 559.954
0.0961924 32 0.000178484 51.935 561.761
0.0966934 38 0.000176724 52.044 563.724
0.0971944 33 0.000172394 52.278 565.197
0.0976954 35 0.000167521 52.5544 567.01
0.0981964 30 0.000167961 52.5623 568.947
0.0986974 41 0.000175311 52.2037 571.102
0.0991984 37 0.000162823 52.8821 572.244
0.0996994 30 0.000160784 53.0303 574.213
0.1002 38 0.000170093 52.5552 576.437
0.100701 28 0.000172491 52.4499 578.461
0.101202 28 0.000177 52.2187 580.383
0.101703 23 0.000168544 52.7218 581.888
0.102204 31 0.000167128 52.8299 583.888
0.102705 36 0.000168053 52.8043 585.789
0.103206 31 0.000164652 53.0293 587.378
0.103707 31 0.000172856 52.5673 589.746
0.104208 28 0.000166456 52.9799 591.154
0.104709 39 0.000157203 53.5699 592.17
0.10521 45 0.000163877 53.1906 594.564
0.105711 28 0.000168194 52.9513 596.819
0.106212 30 0.000175701 52.4948 598.967
0.106713 33 0.00017257 52.7199 600.643
0.107214 43 0.000165068 53.2304 602.017
0.107715 40 0.000158531 53.6882 603.129
0.108216 35 0.00016908 53.0136 605.905
0.108717 33 0.000160163 53.6455 606.949
0.109218 24 0.000163846 53.4231 609.101
0.109719 36 0.000170721 52.9729 611.585
0.11022 22 0.000167338 53.2341 612.989
0.110721 33 0.000161372 53.6806 614.323
0.111222 33 0.000159298 53.8594 615.766
0.111723 24 0.000157668 54.0074 617.544
0.112224 39 0.000162772 53.6641 619.668
0.112725 37 0.000158053 54.0423 620.988
0.113226 29 0.000161671 53.8005 623.27
0.113727 34 0.000151774 54.5777 623.881
0.114228 33 0.00016206 53.826 626.674
0.114729 31 0.000152484 54.5972 627.351
0.11523 22 0.000168304 53.3927 631.049
0.115731 26 0.000163104 53.8274 632.289
0.116232 37 0.000156861 54.3535 633.271
0.116733 28 0.000150832 54.8688 634.212
0.117234 30 0.000158928 54.2459 636.986
0.117735 28 0.000163738 53.8803 639.535
0.118236 35 0.000167109 53.6218 641.482
0.118737 24 0.000157904 54.4181 642.076
0.119238 40 0.000153136 54.8487 643.034
0.119739 25 0.0001683 53.5882 647.04
0.12024 30 0.000161969 54.1534 648.01
0.120741 26 0.000161344 54.231 649.479
0.121242 28 0.000145093 55.691 648.738
0.121743 29 0.000175501 53.0286 655.393
0.122244 40 0.000150661 55.2704 653.007
0.122745 30 0.00015706 54.7282 655.905
0.123246 30 0.000166971 53.8503 659.323
0.123747 32 0.000160005 54.5146 659.805
0.124248 35 0.000159742 54.5624 661.31
0.124749 30 0.000156402 54.9071 662.634
0.125251 31 0.000162761 54.3294 665.433
0.125752 36 0.000161411 54.4805 666.831
0.126253 35 0.000162468 54.4011 668.769
0.126754 33 0.000154108 55.2449 669.106
0.127255 34 0.000158157 54.871 671.38
0.127756 32 0.000160495 54.67 673.692
0.128257 35 0.000154977 55.2435 674.195
0.128758 29 0.000158443 54.9224 676.523
0.129259 19 0.00016107 54.6811 678.75
0.12976 29 0.000156056 55.222 679.568
0.130261 27 0.000165312 54.29 683.145
0.130762 22 0.000149271 55.983 681.474
0.131263 25 0.000140586 56.9205 681.04
0.131764 11 0.000154308 55.5115 685.811
0.132265 31 0.000152775 55.71 687.217
0.132766 36 0.000165498 54.3677 691.772
0.133267 22 0.000156474 55.3661 691.445
0.133768 24 0.00016028 54.975 694.015
0.134269 23 0.000154416 55.6433 694.345
0.13477 31 0.000155726 55.5248 696.281
0.135271 31 0.000155571 55.5664 697.823
0.135772 33 0.000153032 55.8771 698.856
0.136273 28 0.000157384 55.4125 701.526
0.136774 32 0.000157475 55.4267 703.245
0.137275 38 0.00015077 56.2259 703.314
0.137776 19 0.000158171 55.3967 706.922
0.138277 34 0.000152886 56.0351 706.909
0.138778 33 0.000152099 56.1597 708.561
0.139279 19 0.000160703 55.1617 712.323
0.13978 27 0.000159857 55.286 713.877
0.140281 27 0.000159678 55.3261 715.532
0.140782 21 0.000158613 55.4784 716.899
0.141283 26 0.000165386 54.6743 720.675
0.141784 28 0.00016364 54.9053 721.951
0.142285 24 0.000155078 55.9819 720.916
0.142786 21 0.000152579 56.3142 721.643
0.143287 25 0.000150952 56.5402 722.489
0.143788 25 0.000155266 56.029 725.76
0.144289 31 0.000150903 56.6097 726.091
0.14479 20 0.000153842 56.2587 728.437
0.145291 26 0.000151102 56.6387 729.225
0.145792 21 0.000154342 56.2438 731.721
0.146293 31 0.000153914 56.3243 733.31
0.146794 26 0.000161337 55.3715 737.472
0.147295 25 0.00014085 58.0998 732.151
0.147796 30 0.000151033 56.7826 737.451
0.148297 25 0.00014721 57.3213 737.6
0.148798 27 0.000152805 56.5929 740.977
0.149299 25 0.000146935 57.4174 740.557
0.1498 31 0.000147508 57.3636 742.196
0.150301 20 0.000157594 56.0133 747.911
0.150802 25 0.000148689 57.2624 745.987
0.151303 17 0.000152138 56.8127 748.952
0.151804 32 0.000142465 58.1861 746.673
0.152305 24 0.000151969 56.8816 752.013
0.152806 31 0.000153664 56.664 754.066
0.153307 38 0.000153224 56.7527 755.58
0.153808 27 0.000161313 55.6139 760.362
0.154309 18 0.00015213 56.9588 758.261
0.15481 26 0.000152411 56.9468 760.235
0.155311 27 0.000148823 57.4955 760.148
0.155812 20 0.000163928 55.302 768.028
0.156313 23 0.000143078 58.4076 760.889
0.156814 38 0.000146509 57.9291 763.781
0.157315 22 0.000151485 57.218 767.533
0.157816 23 0.000149655 57.5233 768.223
0.158317 21 0.000145434 58.1969 767.806
0.158818 28 0.000146558 58.0628 769.881
0.159319 33 0.000154105 56.94 775.023
0.15982 21 0.000145005 58.3832 772.354
0.160321 27 0.000153287 57.1288 777.575
0.160822 23 0.000148765 57.8763 777.271
0.161323 16 0.000144898 58.5284 776.937
0.161824 28 0.000153231 57.2405 782.362
0.162325 34 0.000145787 58.4795 780.379
0.162826 32 0.000151068 57.6639 784.257
0.163327 23 0.000154905 57.0859 787.762
0.163828 31 0.000150341 57.8783 787.122
0.164329 24 0.000148435 58.2429 787.732
0.16483 21 0.000141165 59.5158 785.518
0.165331 18 0.000151774 57.7876 792.401
0.165832 20 0.000147579 58.5547 791.819
0.166333 33 0.000155139 57.3176 797.29
0.166834 28 0.000142494 59.563 792.119
0.167335 18 0.000148313 58.6298 796.745
0.167836 13 0.000142649 59.6987 795.249
0.168337 19 0.000140651 60.1484 795.612
0.168838 23 0.000146536 59.1654 800.139
0.169339 22 0.000148032 58.9572 802.284
0.16984 30 0.000143049 59.9884 801.35
0.170341 17 0.000149654 58.8407 806.345
0.170842 22 0.000145267 59.765 805.448
0.171343 29 0.0001508 58.8122 810.136
0.171844 24 0.000135766 61.8105 802.657
0.172345 20 0.000145801 60.0054 810.077
0.172846 15 0.000143978 60.4863 810.425
0.173347 18 0.000146654 60.0875 813.513
0.173848 24 0.000143723 60.7965 813.04
0.174349 26 0.000152645 59.1137 819.968
0.17485 23 0.000142716 61.3609 815.511
0.175351 25 0.000139964 62.1195 815.235
0.175852 22 0.000143951 61.4411 819.082
0.176353 22 0.000146094 61.164 821.916
0.176854 23 0.000146565 61.2316 823.52
0.177355 22 0.000139022 63.188 820.175
0.177856 22 0.000145707 61.8539 825.813
0.178357 20 0.000141749 63.0205 824.456
0.178858 14 0.00014125 63.4503 825.731
0.179359 22 0.000138562 64.3931 825.188
0.17986 28 0.000141017 64.0773 828.173
0.180361 22 0.000145082 63.2821 832.1
0.180862 19 0.000135025 66.3514 826.753
0.181363 21 0.000139468 65.602 831.305
0.181864 14 0.000137013 66.6585 830.834
0.182365 23 0.000149421 63.4987 840.722
0.182866 25 0.000144097 65.4366 838.224
0.183367 19 0.000134474 68.8986 832.867
0.183868 17 0.000131654 70.3659 832.014
0.184369 20 0.000137878 68.8458 837.585
0.18487 19 0.000134171 70.7482 836.208
0.185371 32 0.000140397 69.2339 841.927
0.185872 18 0.000146209 67.7148 847.248
0.186373 12 0.000152792 66.0422 853.772
0.186874 24 0.000144614 69.7408 848.705
0.187375 16 0.000147513 69.3524 852.188
0.187876 25 0.00013521 75.118 843.891
0.188377 27 0.000143825 72.4227 851.684
0.188878 10 0.000141772 74.1533 851.084
0.189379 29 0.000141155 75.479 851.838
0.18988 13 0.000152254 71.2487 861.743
0.190381 24 0.000137857 79.2125 851.321
0.190882 16 0.000140736 79.212 854.858
0.191383 18 0.000144968 78.1178 859.176
0.191884 14 0.000138426 83.0396 854.863
0.192385 14 0.000138329 84.7927 855.839
0.192886 9 0.000139379 85.722 857.614
0.193387 18 0.000147231 82.0216 864.896
0.193888 13 0.000147739 83.3002 866.302
0.194389 28 0.000139696 90.3738 860.419
0.19489 14 0.000137903 94.174 859.95
0.195391 14 0.000137834 95.8933 860.583
0.195892 7 0.000147875 90.3463 870.076
0.196393 10 0.000149795 91.2281 872.697
0.196894 7 0.000140978 99.8361 865.535
0.197395 22 0.000141501 102.499 866.876
0.197896 14 0.000150884 96.4582 875.953
0.198397 13 0.000139719 109.111 866.598
0.198898 12 0.000138429 113.999 866.249
0.199399 15 0.00013525 119.951 863.893
0.1999 11 0.000132633 126.075 862.095
0.200401 14 0.000140476 120.58 869.729
0.200902 14 0.0001404 124.378 870.321
0.201403 7 0.000127022 143.085 858.382
0.201904 10 0.000134961 137.198 866.199
0.202405 5 0.000134892 141.845 866.706
0.202906 12 0.000149572 126.26 880.895
0.203407 7 0.00014675 132.858 878.64
0.203908 7 0.000153315 127.214 885.315
0.204409 11 0.000140613 148.5 873.621
0.20491 9 0.000148045 141.592 881.12
0.205411 7 0.000146515 147.696 880.047
0.205912 14 0.000136553 166.966 870.82
0.206413 8 0.000147247 153.18 881.365
0.206914 6 0.000137559 175.162 872.453
0.207415 9 0.000137522 178.544 872.635
0.207916 9 0.000142601 173.446 877.83
0.208417 7 0.000126459 209.316 862.455
0.208918 4 0.000118201 229.084 854.617
0.209419 8 0.000135432 200.795 871.604
0.20992 5 0.000143445 189.163 879.646
0.210421 4 0.000141117 196.977 877.494
0.210922 10 0.000147963 187.698 884.447
0.211423 8 0.000135293 219.535 872.204
0.211924 5 0.000143297 205.759 880.21
0.212425 0 -nan -nan -nan
0.212926 4 0.000129465 246.594 866.898
0.213427 3 0.000137079 232.752 874.52
0.213928 10 0.000143141 223.492 880.68
0.214429 8 0.000140813 233.835 878.522
0.21493 7 0.000145686 225.217 883.455
0.215431 7 0.000139117 247.386 877.073
0.215932 2 0.000152135 217.572 890.127
0.216433 5 0.000142975 244.678 881.096
0.216934 7 0.000152066 224.328 890.257
0.217435 6 0.000144434 248.99 882.743
0.217936 8 0.000146305 247.659 884.695
0.218437 4 0.000117783 333.751 856.32
0.218938 6 0.000129162 304.612 867.731
0.219439 4 0.000140514 276.126 879.159
0.21994 8 0.000146177 263.087 884.888
0.220441 1 0.000151833 250.093 890.639
0.220942 4 0.000129071 321.841 867.882
0.221443 6 0.000136622 304.225 875.517
0.221944 3 0.000136598 307.809 875.543
0.222445 3 0.000136574 312.197 875.571
0.222946 4 0.000151692 265.943 890.794
0.223447 7 0.00012572 355.699 864.771
0.223948 3 0.000151625 273.395 890.854
0.224449 6 0.000144029 303.168 883.283
0.22495 5 0.000133434 341.344 872.654
0.225451 4 0.000140209 322.366 879.519
0.225952 6 0.000136414 338.617 875.731
0.226453 8 0.000140165 329.418 879.554
0.226954 2 0.000128826 371.938 868.16
0.227455 1 0.000151423 297.089 891.002
0.227956 7 0.000132023 367.995 871.443
0.228457 3 0.000136313 356.715 875.808
0.228958 5 0.000142308 338.38 881.905
0.229459 4 0.00015132 309.245 891.053
0.22996 2 0.000128721 394.582 868.231
0.230461 6 0.000143748 342.562 883.46
0.230962 2 0.000151246 317.302 891.076
0.231463 3 0.000136178 377.943 875.871
0.231964 5 0.000124139 427.451 863.71
0.232465 4 0.000139903 369.464 879.688
0.232966 5 0.000151147 329.432 891.109
0.233467 1 0.000151127 330.685 891.107
0.233968 2 0.00015111 333.623 891.117
0.234469 4 0.000139822 381.973 879.715
0.23497 1 0.000151054 341.16 891.133
0.235471 2 0.000151026 342.966 891.132
0.235972 3 0.000151002 345.827 891.134
0.236473 2 0.000150977 349.172 891.141
0.236974 4 0.000128489 442.842 868.324
0.237475 3 0.000150937 353.479 891.144
0.237976 3 0.000135946 418.276 875.938
0.238477 2 0.000128443 451.625 868.332
0.238978 1 0.000150882 360.827 891.152
0.239479 2 0.000128421 457.201 868.34
0.23998 3 0.000150817 367.214 891.148
0.240481 4 0.000150805 369.156 891.152
0.240982 2 0.000128373 466.35 868.345
0.241483 5 0.00015077 373.094 891.149
0.241984 0 -nan -nan -nan
0.242485 3 0.000120858 508.174 860.747
0.242986 0 -nan -nan -nan
0.243487 2 0.0001283 481.036 868.351
0.243988 9 0.000140711 429.722 881.013
0.244489 2 0.00012827 486.755 868.351
0.24499 3 0.000120798 523.142 860.75
0.245491 3 0.000150604 392.58 891.146
0.245992 2 0.000128226 495.516 868.348
0.246493 4 0.000128212 498.315 868.349
0.246994 0 -nan -nan -nan
0.247495 4 0.000139356 452.013 879.743
0.247996 5 0.000150503 404.061 891.137
0.248497 1 0.000150487 405.146 891.134
0.248998 8 0.000139302 459.871 879.739
0.249499 0 -nan -nan -nan
0.25 3 0.000150419 413.046 891.125
0.250501 0 -nan -nan -nan
