-0.000501002 320
0 322.957
0.000501002 325.987
0.001002 329.095
0.00150301 332.283
0.00200401 335.554
0.00250501 338.91
0.00300601 342.357
0.00350701 345.897
0.00400802 349.533
0.00450902 353.271
0.00501002 357.113
0.00551102 361.065
0.00601202 365.131
0.00651303 369.316
0.00701403 373.625
0.00751503 378.065
0.00801603 382.639
0.00851703 387.356
0.00901804 392.221
0.00951904 397.242
0.01002 402.426
0.010521 407.78
0.011022 413.314
0.011523 419.037
0.012024 424.958
0.0125251 431.087
0.0130261 437.436
0.0135271 444.017
0.0140281 450.841
0.0145291 457.924
0.0150301 465.28
0.0155311 472.924
0.0160321 480.874
0.0165331 489.148
0.0170341 497.767
0.0175351 506.753
0.0180361 516.128
0.0185371 525.919
0.0190381 536.154
0.0195391 546.863
0.0200401 558.08
0.0205411 569.842
0.0210421 582.189
0.0215431 595.166
0.0220441 608.822
0.0225451 623.212
0.0230461 638.395
0.0235471 654.439
0.0240481 671.419
0.0245491 689.419
0.0250501 708.534
0.0255511 728.87
0.0260521 750.549
0.0265531 773.707
0.0270541 798.503
0.0275551 825.12
0.0280561 853.772
0.0285571 884.717
0.0290581 918.271
0.0295591 954.848
0.0300601 995.024
0.0305611 1035.34
0.0310621 1076
0.0315631 1117.09
0.0320641 1158.66
0.0325651 1200.7
0.0330661 1243.22
0.0335671 1286.19
0.0340681 1329.6
0.0345691 1373.42
0.0350701 1417.61
0.0355711 1462.17
0.0360721 1507.04
0.0365731 1552.19
0.0370741 1597.6
0.0375752 1643.21
0.0380762 1689
0.0385772 1734.91
0.0390782 1780.88
0.0395792 1826.87
0.0400802 1872.81
0.0405812 1918.63
0.0410822 1964.25
0.0415832 2009.57
0.0420842 2054.49
0.0425852 2098.89
0.0430862 2142.63
0.0435872 2185.55
0.0440882 2227.47
0.0445892 2268.17
0.0450902 2307.41
0.0455912 2344.9
0.0460922 2380.31
0.0465932 2413.26
0.0470942 2443.32
0.0475952 2469.98
0.0480962 2492.67
0.0485972 2510.75
0.0490982 2523.45
0.0495992 2529.81
0.0501002 2528.26
0.0506012 2527.72
0.0511022 2527.52
0.0516032 2527.46
0.0521042 2527.43
0.0526052 2527.43
0.0531062 2527.42
0.0536072 2527.42
0.0541082 2527.42
0.0546092 2527.42
0.0551102 2527.42
0.0556112 2527.42
0.0561122 2527.42
0.0566132 2527.42
0.0571142 2527.42
0.0576152 2527.42
0.0581162 2527.42
0.0586172 2527.42
0.0591182 2527.42
0.0596192 2527.42
0.0601202 2527.42
0.0606212 2527.42
0.0611222 2527.42
0.0616232 2527.42
0.0621242 2527.42
0.0626253 2527.42
0.0631263 2527.42
0.0636273 2527.42
0.0641283 2527.42
0.0646293 2527.42
0.0651303 2527.42
0.0656313 2527.42
0.0661323 2527.42
0.0666333 2527.42
0.0671343 2527.42
0.0676353 2527.42
0.0681363 2527.42
0.0686373 2527.42
0.0691383 2527.42
0.0696393 2527.42
0.0701403 2527.42
0.0706413 2527.42
0.0711423 2527.42
0.0716433 2527.42
0.0721443 2527.42
0.0726453 2527.42
0.0731463 2527.42
0.0736473 2527.42
0.0741483 2527.42
0.0746493 2527.42
0.0751503 2527.42
0.0756513 2527.42
0.0761523 2527.42
0.0766533 2527.42
0.0771543 2527.42
0.0776553 2527.42
0.0781563 2527.42
0.0786573 2527.42
0.0791583 2527.42
0.0796593 2527.42
0.0801603 2527.42
0.0806613 2527.42
0.0811623 2527.42
0.0816633 2527.42
0.0821643 2527.42
0.0826653 2527.42
0.0831663 2527.42
0.0836673 2527.42
0.0841683 2527.42
0.0846693 2527.42
0.0851703 2527.42
0.0856713 2527.42
0.0861723 2527.42
0.0866733 2527.42
0.0871743 2527.42
0.0876754 2527.42
0.0881764 2527.42
0.0886774 2527.42
0.0891784 2527.42
0.0896794 2527.42
0.0901804 2527.42
0.0906814 2527.42
0.0911824 2527.42
0.0916834 2527.42
0.0921844 2527.42
0.0926854 2527.42
0.0931864 2527.42
0.0936874 2527.42
0.0941884 2527.42
0.0946894 2527.42
0.0951904 2527.42
0.0956914 2527.42
0.0961924 2527.42
0.0966934 2527.42
0.0971944 2527.42
0.0976954 2527.42
0.0981964 2527.42
0.0986974 2527.42
0.0991984 2527.42
0.0996994 2527.42
0.1002 2527.42
0.100701 2527.42
0.101202 2527.42
0.101703 2527.42
0.102204 2527.42
0.102705 2527.42
0.103206 2527.42
0.103707 2527.42
0.104208 2527.42
0.104709 2527.42
0.10521 2527.42
0.105711 2527.42
0.106212 2527.42
0.106713 2527.42
0.107214 2527.42
0.107715 2527.42
0.108216 2527.42
0.108717 2527.42
0.109218 2527.42
0.109719 2527.42
0.11022 2527.42
0.110721 2527.42
0.111222 2527.42
0.111723 2527.42
0.112224 2527.42
0.112725 2527.42
0.113226 2527.42
0.113727 2527.42
0.114228 2527.42
0.114729 2527.42
0.11523 2527.42
0.115731 2527.42
0.116232 2527.42
0.116733 2527.42
0.117234 2527.42
0.117735 2527.42
0.118236 2527.42
0.118737 2527.42
0.119238 2527.42
0.119739 2527.42
0.12024 2527.42
0.120741 2527.42
0.121242 2527.42
0.121743 2527.42
0.122244 2527.42
0.122745 2527.42
0.123246 2527.42
0.123747 2527.42
0.124248 2527.42
0.124749 2527.42
0.125251 2527.42
0.125752 2527.42
0.126253 2527.42
0.126754 2527.42
0.127255 2527.42
0.127756 2527.42
0.128257 2527.42
0.128758 2527.42
0.129259 2527.42
0.12976 2527.42
0.130261 2527.42
0.130762 2527.42
0.131263 2527.42
0.131764 2527.42
0.132265 2527.42
0.132766 2527.42
0.133267 2527.42
0.133768 2527.42
0.134269 2527.42
0.13477 2527.42
0.135271 2527.42
0.135772 2527.42
0.136273 2527.42
0.136774 2527.42
0.137275 2527.42
0.137776 2527.42
0.138277 2527.42
0.138778 2527.42
0.139279 2527.42
0.13978 2527.42
0.140281 2527.42
0.140782 2527.42
0.141283 2527.42
0.141784 2527.42
0.142285 2527.42
0.142786 2527.42
0.143287 2527.42
0.143788 2527.42
0.144289 2527.43
0.14479 2527.43
0.145291 2527.43
0.145792 2527.43
0.146293 2527.43
0.146794 2527.43
0.147295 2527.43
0.147796 2527.43
0.148297 2527.43
0.148798 2527.44
0.149299 2527.44
0.1498 2527.45
0.150301 2527.47
0.150802 2527.51
0.151303 2527.55
0.151804 2527.58
0.152305 2527.61
0.152806 2527.63
0.153307 2527.65
0.153808 2527.66
0.154309 2527.66
0.15481 2527.66
0.155311 2527.65
0.155812 2527.63
0.156313 2527.61
0.156814 2527.59
0.157315 2527.55
0.157816 2527.51
0.158317 2527.47
0.158818 2527.42
0.159319 2527.36
0.15982 2527.29
0.160321 2527.22
0.160822 2527.14
0.161323 2527.05
0.161824 2526.96
0.162325 2526.85
0.162826 2526.74
0.163327 2526.62
0.163828 2526.49
0.164329 2526.35
0.16483 2526.2
0.165331 2526.04
0.165832 2525.86
0.166333 2525.68
0.166834 2525.48
0.167335 2525.27
0.167836 2525.04
0.168337 2524.8
0.168838 2524.54
0.169339 2524.27
0.16984 2523.97
0.170341 2523.66
0.170842 2523.32
0.171343 2522.96
0.171844 2522.58
0.172345 2522.17
0.172846 2521.73
0.173347 2521.27
0.173848 2520.77
0.174349 2520.23
0.17485 2519.66
0.175351 2519.04
0.175852 2518.38
0.176353 2517.68
0.176854 2516.92
0.177355 2516.1
0.177856 2515.23
0.178357 2514.29
0.178858 2513.27
0.179359 2512.18
0.17986 2511.01
0.180361 2509.74
0.180862 2508.38
0.181363 2506.9
0.181864 2505.31
0.182365 2503.59
0.182866 2501.72
0.183367 2499.71
0.183868 2497.52
0.184369 2495.15
0.18487 2492.58
0.185371 2489.8
0.185872 2486.77
0.186373 2483.49
0.186874 2479.92
0.187375 2476.04
0.187876 2471.83
0.188377 2467.24
0.188878 2462.26
0.189379 2456.84
0.18988 2450.95
0.190381 2444.55
0.190882 2437.6
0.191383 2430.04
0.191884 2421.85
0.192385 2412.96
0.192886 2403.33
0.193387 2392.91
0.193888 2381.66
0.194389 2369.52
0.19489 2356.44
0.195391 2342.4
0.195892 2327.34
0.196393 2311.25
0.196894 2294.1
0.197395 2275.88
0.197896 2256.61
0.198397 2236.32
0.198898 2215.04
0.199399 2192.89
0.1999 2170.02
0.200401 2146.66
0.200902 2122.85
0.201403 2098.55
0.201904 2073.69
0.202405 2048.23
0.202906 2022.17
0.203407 1995.56
0.203908 1968.46
0.204409 1940.88
0.20491 1912.87
0.205411 1884.43
0.205912 1855.64
0.206413 1826.68
0.206914 1797.59
0.207415 1768.39
0.207916 1739.25
0.208417 1710.23
0.208918 1681.42
0.209419 1652.94
0.20992 1624.84
0.210421 1597.23
0.210922 1570.18
0.211423 1543.76
0.211924 1518.04
0.212425 1493.08
0.212926 1468.92
0.213427 1445.6
0.213928 1423.15
0.214429 1401.58
0.21493 1380.92
0.215431 1361.14
0.215932 1342.26
0.216433 1324.26
0.216934 1307.12
0.217435 1290.82
0.217936 1275.33
0.218437 1260.61
0.218938 1246.64
0.219439 1233.4
0.21994 1220.83
0.220441 1208.9
0.220942 1197.59
0.221443 1186.87
0.221944 1176.7
0.222445 1167.04
0.222946 1157.87
0.223447 1149.15
0.223948 1140.88
0.224449 1133.02
0.22495 1125.55
0.225451 1118.44
0.225952 1111.67
0.226453 1105.23
0.226954 1099.1
0.227455 1093.26
0.227956 1087.7
0.228457 1082.39
0.228958 1077.32
0.229459 1072.48
0.22996 1067.86
0.230461 1063.44
0.230962 1059.23
0.231463 1055.21
0.231964 1051.36
0.232465 1047.68
0.232966 1044.15
0.233467 1040.78
0.233968 1037.57
0.234469 1034.49
0.23497 1031.53
0.235471 1028.71
0.235972 1026.02
0.236473 1023.43
0.236974 1020.96
0.237475 1018.6
0.237976 1016.33
0.238477 1014.16
0.238978 1012.1
0.239479 1010.12
0.23998 1008.23
0.240481 1006.42
0.240982 1004.69
0.241483 1003.05
0.241984 1001.47
0.242485 999.967
0.242986 998.538
0.243487 997.175
0.243988 995.882
0.244489 994.647
0.24499 993.477
0.245491 992.363
0.245992 991.31
0.246493 990.31
0.246994 989.368
0.247495 988.476
0.247996 987.639
0.248497 986.853
0.248998 986.13
0.249499 985.488
0.25 985.182
0.250501 985.182

