-0.00200401 3.85688
0 8.50838
0.00200401 13.9845
0.00400802 19.8114
0.00601202 25.1508
0.00801603 29.8433
0.01002 33.9491
0.012024 37.5863
0.0140281 40.8382
0.0160321 43.8095
0.0180361 46.5583
0.0200401 49.1134
0.0220441 51.5247
0.0240481 53.8175
0.0260521 56.0092
0.0280561 58.1006
0.0300601 60.1213
0.0320641 62.0964
0.0340681 63.9998
0.0360721 65.8291
0.0380762 67.6227
0.0400802 69.3643
0.0420842 71.0684
0.0440882 72.7249
0.0460922 74.3434
0.0480962 75.9306
0.0501002 77.4891
0.0521042 79.022
0.0541082 80.516
0.0561122 81.9939
0.0581162 83.4389
0.0601202 84.8454
0.0621242 86.2571
0.0641283 87.6349
0.0661323 89
0.0681363 90.3309
0.0701403 91.6416
0.0721443 92.9567
0.0741483 94.2383
0.0761523 95.5165
0.0781563 96.776
0.0801603 98.0011
0.0821643 99.1989
0.0841683 100.409
0.0861723 101.608
0.0881764 102.785
0.0901804 103.965
0.0921844 105.115
0.0941884 106.239
0.0961924 107.359
0.0981964 108.473
0.1002 109.595
0.102204 110.677
0.104208 111.775
0.106212 112.836
0.108216 113.891
0.11022 114.962
0.112224 116.026
0.114228 117.067
0.116232 118.058
0.118236 119.096
0.12024 120.124
0.122244 121.1
0.124248 122.111
0.126253 123.13
0.128257 124.109
0.130261 125.07
0.132265 126.03
0.134269 127.011
0.136273 127.976
0.138277 128.924
0.140281 129.832
0.142285 130.781
0.144289 131.712
0.146293 132.618
0.148297 133.557
0.150301 134.46
0.152305 135.387
0.154309 136.3
0.156313 137.196
0.158317 138.072
0.160321 138.938
0.162325 139.857
0.164329 140.757
0.166333 141.607
0.168337 142.469
0.170341 143.336
0.172345 144.192
0.174349 145.075
0.176353 145.935
0.178357 146.741
0.180361 147.583
0.182365 148.429
0.184369 149.279
0.186373 150.148
0.188377 150.938
0.190381 151.762
0.192385 152.587
0.194389 153.39
0.196393 154.228
0.198397 155.004
0.200401 155.832
0.202405 156.67
0.204409 157.445
0.206413 158.22
0.208417 159.006
0.210421 159.83
0.212425 160.624
0.214429 161.356
0.216433 162.136
0.218437 162.951
0.220441 163.711
0.222445 164.44
0.224449 165.228
0.226453 166.012
0.228457 166.767
0.230461 167.508
0.232465 168.254
0.234469 169.02
0.236473 169.763
0.238477 170.526
0.240481 171.264
0.242485 171.995
0.244489 172.71
0.246493 173.436
0.248497 174.195
0.250501 174.93
0.252505 175.662
0.254509 176.383
0.256513 177.079
0.258517 177.79
0.260521 178.554
0.262525 179.26
0.264529 179.941
0.266533 180.668
0.268537 181.385
0.270541 182.104
0.272545 182.774
0.274549 183.468
0.276553 184.214
0.278557 184.935
0.280561 185.584
0.282565 186.273
0.284569 187.019
0.286573 187.692
0.288577 188.386
0.290581 189.096
0.292585 189.758
0.294589 190.452
0.296593 191.132
0.298597 191.819
0.300601 192.509
0.302605 193.153
0.304609 193.863
0.306613 194.511
0.308617 195.127
0.310621 195.855
0.312625 196.491
0.314629 197.124
0.316633 197.84
0.318637 198.499
0.320641 199.126
0.322645 199.812
0.324649 200.507
0.326653 201.139
0.328657 201.769
0.330661 202.409
0.332665 203.036
0.334669 203.675
0.336673 204.321
0.338677 204.98
0.340681 205.614
0.342685 206.221
0.344689 206.88
0.346693 207.539
0.348697 208.126
0.350701 208.756
0.352705 209.402
0.354709 210.041
0.356713 210.695
0.358717 211.271
0.360721 211.882
0.362725 212.465
0.364729 213.09
0.366733 213.751
0.368737 214.354
0.370741 214.959
0.372745 215.563
0.374749 216.158
0.376754 216.811
0.378758 217.412
0.380762 217.98
0.382766 218.55
0.38477 219.128
0.386774 219.8
0.388778 220.39
0.390782 220.912
0.392786 221.503
0.39479 222.169
0.396794 222.724
0.398798 223.303
0.400802 223.925
0.402806 224.533
0.40481 225.066
0.406814 225.633
0.408818 226.307
0.410822 226.877
0.412826 227.435
0.41483 227.98
0.416834 228.578
0.418838 229.226
0.420842 229.822
0.422846 230.359
0.42485 230.953
0.426854 231.571
0.428858 232.138
0.430862 232.701
0.432866 233.257
0.43487 233.874
0.436874 234.478
0.438878 235.051
0.440882 235.588
0.442886 236.184
0.44489 236.793
0.446894 237.345
0.448898 237.97
0.450902 238.497
0.452906 239.086
0.45491 239.688
0.456914 240.197
0.458918 240.774
0.460922 241.394
0.462926 241.974
0.46493 242.505
0.466934 243.099
0.468938 243.665
0.470942 244.197
0.472946 244.761
0.47495 245.411
0.476954 245.937
0.478958 246.403
0.480962 247.005
0.482966 247.562
0.48497 248.133
0.486974 248.687
0.488978 249.239
0.490982 249.792
0.492986 250.306
0.49499 250.856
0.496994 251.407
0.498998 251.923
0.501002 252.458
0.503006 253.032
0.50501 253.612
0.507014 254.131
0.509018 254.597
0.511022 255.172
0.513026 255.729
0.51503 256.237
0.517034 256.778
0.519038 257.286
0.521042 257.861
0.523046 258.339
0.52505 258.93
0.527054 259.469
0.529058 259.97
0.531062 260.58
0.533066 261.079
0.53507 261.593
0.537074 262.086
0.539078 262.64
0.541082 263.179
0.543086 263.681
0.54509 264.161
0.547094 264.637
0.549098 265.127
0.551102 265.612
0.553106 266.107
0.55511 266.585
0.557114 267.052
0.559118 267.462
0.561122 267.93
0.563126 268.437
0.56513 268.883
0.567134 269.395
0.569138 269.853
0.571142 270.255
0.573146 270.723
0.57515 271.15
0.577154 271.594
0.579158 272.09
0.581162 272.448
0.583166 272.747
0.58517 273.122
0.587174 273.508
0.589178 273.867
0.591182 274.194
0.593186 274.472
0.59519 274.84
0.597194 275.359
0.599198 275.799
0.601202 276.186
0.603206 276.689
0.60521 277.173
0.607214 277.547
0.609218 277.856
0.611222 278.153
0.613226 278.5
0.61523 278.845
0.617234 279.203
0.619238 279.661
0.621242 280.048
0.623246 280.414
0.625251 280.789
0.627255 281.195
0.629259 281.611
0.631263 281.972
0.633267 282.377
0.635271 282.773
0.637275 283.121
0.639279 283.44
0.641283 283.742
0.643287 284.004
0.645291 284.243
0.647295 284.479
0.649299 284.811
0.651303 285.148
0.653307 285.454
0.655311 285.822
0.657315 286.198
0.659319 286.587
0.661323 286.901
0.663327 287.11
0.665331 287.401
0.667335 287.616
0.669339 287.759
0.671343 287.991
0.673347 288.25
0.675351 288.584
0.677355 288.965
0.679359 289.275
0.681363 289.577
0.683367 289.858
0.685371 290.17
0.687375 290.552
0.689379 290.867
0.691383 291.077
0.693387 291.256
0.695391 291.424
0.697395 291.6
0.699399 291.827
0.701403 292.14
0.703407 292.496
0.705411 292.796
0.707415 292.957
0.709419 293.089
0.711423 293.313
0.713427 293.572
0.715431 293.895
0.717435 294.107
0.719439 294.318
0.721443 294.547
0.723447 294.745
0.725451 295.093
0.727455 295.475
0.729459 295.876
0.731463 296.199
0.733467 296.422
0.735471 296.714
0.737475 296.991
0.739479 297.205
0.741483 297.382
0.743487 297.609
0.745491 297.923
0.747495 298.192
0.749499 298.34
0.751503 298.372
0.753507 298.471
0.755511 298.73
0.757515 298.984
0.759519 299.213
0.761523 299.471
0.763527 299.687
0.765531 299.828
0.767535 299.908
0.769539 300.083
0.771543 300.283
0.773547 300.463
0.775551 300.791
0.777555 301.048
0.779559 301.182
0.781563 301.264
0.783567 301.457
0.785571 301.646
0.787575 301.715
0.789579 301.85
0.791583 302.019
0.793587 302.223
0.795591 302.425
0.797595 302.522
0.799599 302.508
0.801603 302.579
0.803607 302.749
0.805611 302.826
0.807615 302.865
0.809619 302.988
0.811623 303.171
0.813627 303.341
0.815631 303.426
0.817635 303.459
0.819639 303.473
0.821643 303.567
0.823647 303.719
0.825651 303.814
0.827655 303.896
0.829659 303.948
0.831663 303.947
0.833667 303.971
0.835671 304.098
0.837675 304.277
0.839679 304.396
0.841683 304.468
0.843687 304.487
0.845691 304.552
0.847695 304.639
0.849699 304.764
0.851703 304.905
0.853707 304.947
0.855711 305.007
0.857715 305.08
0.859719 305.114
0.861723 305.192
0.863727 305.319
0.865731 305.39
0.867735 305.461
0.869739 305.509
0.871743 305.529
0.873747 305.546
0.875752 305.566
0.877756 305.676
0.87976 305.803
0.881764 305.862
0.883768 305.927
0.885772 305.974
0.887776 305.959
0.88978 305.984
0.891784 306.032
0.893788 306.075
0.895792 306.178
0.897796 306.359
0.8998 306.514
0.901804 306.547
0.903808 306.589
0.905812 306.637
0.907816 306.63
0.90982 306.631
0.911824 306.635
0.913828 306.643
0.915832 306.659
0.917836 306.678
0.91984 306.694
0.921844 306.712
0.923848 306.732
0.925852 306.749
0.927856 306.759
0.92986 306.761
0.931864 306.758
0.933868 306.756
0.935872 306.758
0.937876 306.766
0.93988 306.778
0.941884 306.792
0.943888 306.805
0.945892 306.812
0.947896 306.814
0.9499 306.812
0.951904 306.808
0.953908 306.806
0.955912 306.805
0.957916 306.804
0.95992 306.799
0.961924 306.788
0.963928 306.771
0.965932 306.753
0.967936 306.738
0.96994 306.731
0.971944 306.735
0.973948 306.749
0.975952 306.769
0.977956 306.79
0.97996 306.808
0.981964 306.821
0.983968 306.828
0.985972 306.828
0.987976 306.824
0.98998 306.816
0.991984 306.808
0.993988 306.803
0.995992 306.802
0.997996 306.806
1 306.814
1.002 306.814

