-0.00200401 25.9277
0 24.2744
0.00200401 22.8293
0.00400802 21.5954
0.00601202 20.5501
0.00801603 19.6564
0.01002 18.8815
0.012024 18.1998
0.0140281 17.5921
0.0160321 17.0445
0.0180361 16.5466
0.0200401 16.0903
0.0220441 15.6696
0.0240481 15.2797
0.0260521 14.917
0.0280561 14.5782
0.0300601 14.2605
0.0320641 13.9622
0.0340681 13.6811
0.0360721 13.4157
0.0380762 13.1647
0.0400802 12.9267
0.0420842 12.7006
0.0440882 12.4853
0.0460922 12.2801
0.0480962 12.0841
0.0501002 11.8969
0.0521042 11.7177
0.0541082 11.5459
0.0561122 11.3813
0.0581162 11.2231
0.0601202 11.071
0.0621242 10.9247
0.0641283 10.7838
0.0661323 10.6479
0.0681363 10.5168
0.0701403 10.3902
0.0721443 10.2676
0.0741483 10.1492
0.0761523 10.0348
0.0781563 9.92417
0.0801603 9.81683
0.0821643 9.71276
0.0841683 9.61166
0.0861723 9.51352
0.0881764 9.41836
0.0901804 9.32593
0.0921844 9.23599
0.0941884 9.14851
0.0961924 9.06325
0.0981964 8.98012
0.1002 8.89927
0.102204 8.8204
0.104208 8.74346
0.106212 8.66843
0.108216 8.59517
0.11022 8.52376
0.112224 8.45407
0.114228 8.38589
0.116232 8.31917
0.118236 8.25394
0.12024 8.19022
0.122244 8.12787
0.124248 8.06674
0.126253 8.00713
0.128257 7.94896
0.130261 7.89182
0.132265 7.83565
0.134269 7.78073
0.136273 7.7272
0.138277 7.67468
0.140281 7.62281
0.142285 7.57191
0.144289 7.52201
0.146293 7.47287
0.148297 7.42456
0.150301 7.37714
0.152305 7.33071
0.154309 7.28519
0.156313 7.24049
0.158317 7.19646
0.160321 7.15316
0.162325 7.11081
0.164329 7.06917
0.166333 7.02805
0.168337 6.98738
0.170341 6.94745
0.172345 6.90839
0.174349 6.86995
0.176353 6.83211
0.178357 6.79471
0.180361 6.75784
0.182365 6.72158
0.184369 6.68595
0.186373 6.6509
0.188377 6.61631
0.190381 6.58217
0.192385 6.54853
0.194389 6.5155
0.196393 6.48297
0.198397 6.45073
0.200401 6.41892
0.202405 6.3876
0.204409 6.3568
0.206413 6.3264
0.208417 6.29618
0.210421 6.2665
0.212425 6.23738
0.214429 6.20853
0.216433 6.18002
0.218437 6.15183
0.220441 6.12393
0.222445 6.09615
0.224449 6.06886
0.226453 6.04244
0.228457 6.01639
0.230461 5.99032
0.232465 5.9644
0.234469 5.93898
0.236473 5.91386
0.238477 5.88889
0.240481 5.86443
0.242485 5.84038
0.244489 5.81643
0.246493 5.79257
0.248497 5.76906
0.250501 5.7459
0.252505 5.72303
0.254509 5.70046
0.256513 5.67814
0.258517 5.65616
0.260521 5.63444
0.262525 5.6126
0.264529 5.5909
0.266533 5.56972
0.268537 5.54873
0.270541 5.52791
0.272545 5.50725
0.274549 5.48662
0.276553 5.46637
0.278557 5.44645
0.280561 5.42659
0.282565 5.40694
0.284569 5.38759
0.286573 5.36852
0.288577 5.34963
0.290581 5.3309
0.292585 5.31233
0.294589 5.29387
0.296593 5.27551
0.298597 5.25746
0.300601 5.23963
0.302605 5.22196
0.304609 5.20453
0.306613 5.18714
0.308617 5.16985
0.310621 5.15259
0.312625 5.13545
0.314629 5.11846
0.316633 5.10171
0.318637 5.0852
0.320641 5.06864
0.322645 5.05246
0.324649 5.03666
0.326653 5.02089
0.328657 5.00511
0.330661 4.98952
0.332665 4.97412
0.334669 4.95865
0.336673 4.94327
0.338677 4.92832
0.340681 4.9136
0.342685 4.89875
0.344689 4.88401
0.346693 4.86933
0.348697 4.85471
0.350701 4.84053
0.352705 4.8264
0.354709 4.81232
0.356713 4.79851
0.358717 4.7848
0.360721 4.77107
0.362725 4.7573
0.364729 4.74371
0.366733 4.73033
0.368737 4.71708
0.370741 4.70398
0.372745 4.69103
0.374749 4.67822
0.376754 4.66547
0.378758 4.65289
0.380762 4.64053
0.382766 4.62795
0.38477 4.61521
0.386774 4.60269
0.388778 4.59041
0.390782 4.57814
0.392786 4.56598
0.39479 4.55404
0.396794 4.54189
0.398798 4.52979
0.400802 4.51813
0.402806 4.50658
0.40481 4.4948
0.406814 4.4831
0.408818 4.47173
0.410822 4.46033
0.412826 4.44878
0.41483 4.43733
0.416834 4.42615
0.418838 4.41515
0.420842 4.40405
0.422846 4.39299
0.42485 4.38225
0.426854 4.37156
0.428858 4.36082
0.430862 4.35011
0.432866 4.33942
0.43487 4.32886
0.436874 4.31845
0.438878 4.30821
0.440882 4.29781
0.442886 4.28733
0.44489 4.2773
0.446894 4.26734
0.448898 4.25732
0.450902 4.24726
0.452906 4.23719
0.45491 4.22724
0.456914 4.21724
0.458918 4.20733
0.460922 4.19768
0.462926 4.18821
0.46493 4.17889
0.466934 4.16954
0.468938 4.16025
0.470942 4.15095
0.472946 4.14165
0.47495 4.13244
0.476954 4.12317
0.478958 4.11398
0.480962 4.10491
0.482966 4.0958
0.48497 4.08666
0.486974 4.07784
0.488978 4.06915
0.490982 4.06031
0.492986 4.05161
0.49499 4.04291
0.496994 4.0343
0.498998 4.02572
0.501002 4.01708
0.503006 4.00874
0.50501 4.00062
0.507014 3.99245
0.509018 3.98412
0.511022 3.97589
0.513026 3.96773
0.51503 3.95965
0.517034 3.95165
0.519038 3.94352
0.521042 3.93544
0.523046 3.92733
0.52505 3.9192
0.527054 3.91133
0.529058 3.9037
0.531062 3.89622
0.533066 3.88888
0.53507 3.88144
0.537074 3.87396
0.539078 3.86668
0.541082 3.85972
0.543086 3.8531
0.54509 3.84627
0.547094 3.83915
0.549098 3.83213
0.551102 3.82528
0.553106 3.8187
0.55511 3.81207
0.557114 3.80518
0.559118 3.7983
0.561122 3.79146
0.563126 3.7848
0.56513 3.77833
0.567134 3.77191
0.569138 3.76569
0.571142 3.75977
0.573146 3.7542
0.57515 3.74886
0.577154 3.74374
0.579158 3.73914
0.581162 3.7346
0.583166 3.72964
0.58517 3.72434
0.587174 3.71883
0.589178 3.71307
0.591182 3.70682
0.593186 3.69995
0.59519 3.69263
0.597194 3.68574
0.599198 3.67946
0.601202 3.67348
0.603206 3.66824
0.60521 3.66353
0.607214 3.65878
0.609218 3.65416
0.611222 3.64936
0.613226 3.64401
0.61523 3.63867
0.617234 3.63345
0.619238 3.62845
0.621242 3.6238
0.623246 3.61907
0.625251 3.61448
0.627255 3.61041
0.629259 3.60655
0.631263 3.60258
0.633267 3.59893
0.635271 3.59571
0.637275 3.59247
0.639279 3.58938
0.641283 3.58632
0.643287 3.58302
0.645291 3.57936
0.647295 3.57519
0.649299 3.5708
0.651303 3.56632
0.653307 3.56207
0.655311 3.55833
0.657315 3.5548
0.659319 3.55177
0.661323 3.54901
0.663327 3.54568
0.665331 3.54193
0.667335 3.53786
0.669339 3.53322
0.671343 3.52849
0.673347 3.52382
0.675351 3.5193
0.677355 3.51534
0.679359 3.51179
0.681363 3.50853
0.683367 3.50546
0.685371 3.50254
0.687375 3.50028
0.689379 3.49858
0.691383 3.49699
0.693387 3.49531
0.695391 3.49291
0.697395 3.48969
0.699399 3.48636
0.701403 3.48317
0.703407 3.48058
0.705411 3.47868
0.707415 3.47629
0.709419 3.47317
0.711423 3.46977
0.713427 3.46631
0.715431 3.46309
0.717435 3.45984
0.719439 3.45629
0.721443 3.45237
0.723447 3.44812
0.725451 3.44409
0.727455 3.44067
0.729459 3.43787
0.731463 3.43564
0.733467 3.43345
0.735471 3.4312
0.737475 3.42926
0.739479 3.42724
0.741483 3.425
0.743487 3.42268
0.745491 3.42072
0.747495 3.41947
0.749499 3.41823
0.751503 3.4163
0.753507 3.41379
0.755511 3.41126
0.757515 3.40912
0.759519 3.40729
0.761523 3.40565
0.763527 3.40417
0.765531 3.40253
0.767535 3.40051
0.769539 3.39821
0.771543 3.39594
0.773547 3.39394
0.775551 3.39245
0.777555 3.39154
0.779559 3.39057
0.781563 3.38918
0.783567 3.38762
0.785571 3.38609
0.787575 3.38442
0.789579 3.38239
0.791583 3.38024
0.793587 3.37844
0.795591 3.37713
0.797595 3.37563
0.799599 3.37345
0.801603 3.37097
0.803607 3.36854
0.805611 3.3661
0.807615 3.36343
0.809619 3.36067
0.811623 3.35836
0.813627 3.35662
0.815631 3.35505
0.817635 3.35316
0.819639 3.35083
0.821643 3.3484
0.823647 3.34624
0.825651 3.3443
0.827655 3.34246
0.829659 3.34049
0.831663 3.33823
0.833667 3.33568
0.835671 3.33317
0.837675 3.33125
0.839679 3.32974
0.841683 3.32824
0.843687 3.32653
0.845691 3.32458
0.847695 3.32246
0.849699 3.32044
0.851703 3.31859
0.853707 3.31663
0.855711 3.31438
0.857715 3.31193
0.859719 3.3094
0.861723 3.30682
0.863727 3.30435
0.865731 3.30222
0.867735 3.3003
0.869739 3.29829
0.871743 3.296
0.873747 3.29342
0.875752 3.2906
0.877756 3.28787
0.87976 3.28564
0.881764 3.28375
0.883768 3.28213
0.885772 3.28081
0.887776 3.2795
0.88978 3.27812
0.891784 3.27693
0.893788 3.27607
0.895792 3.27574
0.897796 3.27639
0.8998 3.27794
0.901804 3.27987
0.903808 3.28199
0.905812 3.2843
0.907816 3.28661
0.90982 3.28888
0.911824 3.2911
0.913828 3.29327
0.915832 3.29541
0.917836 3.2975
0.91984 3.29951
0.921844 3.30146
0.923848 3.30333
0.925852 3.30511
0.927856 3.30678
0.92986 3.30833
0.931864 3.30979
0.933868 3.31118
0.935872 3.31251
0.937876 3.3138
0.93988 3.31504
0.941884 3.31622
0.943888 3.31734
0.945892 3.31839
0.947896 3.31934
0.9499 3.32022
0.951904 3.32103
0.953908 3.32178
0.955912 3.32247
0.957916 3.32309
0.95992 3.32363
0.961924 3.3241
0.963928 3.3245
0.965932 3.32485
0.967936 3.32516
0.96994 3.32547
0.971944 3.32579
0.973948 3.32611
0.975952 3.32644
0.977956 3.32676
0.97996 3.32705
0.981964 3.3273
0.983968 3.32753
0.985972 3.32772
0.987976 3.32788
0.98998 3.32803
0.991984 3.32817
0.993988 3.32832
0.995992 3.32846
0.997996 3.3286
1 3.32871
1.002 3.32871

