-0.000501002 267.089
0 265.331
0.000501002 263.551
0.001002 261.748
0.00150301 259.922
0.00200401 258.072
0.00250501 256.199
0.00300601 254.302
0.00350701 252.38
0.00400802 250.434
0.00450902 248.463
0.00501002 246.466
0.00551102 244.444
0.00601202 242.396
0.00651303 240.322
0.00701403 238.221
0.00751503 236.094
0.00801603 233.939
0.00851703 231.756
0.00901804 229.546
0.00951904 227.307
0.01002 225.039
0.010521 222.743
0.011022 220.417
0.011523 218.061
0.012024 215.675
0.0125251 213.258
0.0130261 210.81
0.0135271 208.332
0.0140281 205.821
0.0145291 203.278
0.0150301 200.702
0.0155311 198.094
0.0160321 195.452
0.0165331 192.776
0.0170341 190.066
0.0175351 187.322
0.0180361 184.542
0.0185371 181.726
0.0190381 178.874
0.0195391 175.986
0.0200401 173.061
0.0205411 170.099
0.0210421 167.098
0.0215431 164.059
0.0220441 160.982
0.0225451 157.866
0.0230461 154.71
0.0235471 151.515
0.0240481 148.282
0.0245491 145.012
0.0250501 141.707
0.0255511 138.374
0.0260521 135.024
0.0265531 131.677
0.0270541 128.375
0.0275551 125.193
0.0280561 122.278
0.0285571 119.915
0.0290581 118.662
0.0295591 119.627
0.0300601 125.047
0.0305611 134.812
0.0310621 146.456
0.0315631 158.672
0.0320641 170.794
0.0325651 182.499
0.0330661 193.646
0.0335671 204.189
0.0340681 214.129
0.0345691 223.49
0.0350701 232.307
0.0355711 240.618
0.0360721 248.459
0.0365731 255.869
0.0370741 262.881
0.0375752 269.53
0.0380762 275.847
0.0385772 281.86
0.0390782 287.6
0.0395792 293.093
0.0400802 298.367
0.0405812 303.446
0.0410822 308.357
0.0415832 313.126
0.0420842 317.778
0.0425852 322.342
0.0430862 326.845
0.0435872 331.317
0.0440882 335.79
0.0445892 340.299
0.0450902 344.881
0.0455912 349.579
0.0460922 354.441
0.0465932 359.519
0.0470942 364.874
0.0475952 370.569
0.0480962 376.668
0.0485972 383.204
0.0490982 390.089
0.0495992 396.792
0.0501002 401.285
0.0506012 403.106
0.0511022 403.845
0.0516032 404.145
0.0521042 404.267
0.0526052 404.317
0.0531062 404.337
0.0536072 404.345
0.0541082 404.349
0.0546092 404.35
0.0551102 404.351
0.0556112 404.351
0.0561122 404.351
0.0566132 404.351
0.0571142 404.351
0.0576152 404.352
0.0581162 404.352
0.0586172 404.352
0.0591182 404.352
0.0596192 404.352
0.0601202 404.352
0.0606212 404.352
0.0611222 404.352
0.0616232 404.352
0.0621242 404.353
0.0626253 404.353
0.0631263 404.353
0.0636273 404.353
0.0641283 404.353
0.0646293 404.353
0.0651303 404.353
0.0656313 404.353
0.0661323 404.353
0.0666333 404.353
0.0671343 404.354
0.0676353 404.354
0.0681363 404.354
0.0686373 404.354
0.0691383 404.354
0.0696393 404.354
0.0701403 404.354
0.0706413 404.354
0.0711423 404.354
0.0716433 404.355
0.0721443 404.355
0.0726453 404.355
0.0731463 404.355
0.0736473 404.355
0.0741483 404.355
0.0746493 404.355
0.0751503 404.355
0.0756513 404.355
0.0761523 404.356
0.0766533 404.356
0.0771543 404.356
0.0776553 404.356
0.0781563 404.356
0.0786573 404.356
0.0791583 404.356
0.0796593 404.356
0.0801603 404.356
0.0806613 404.357
0.0811623 404.357
0.0816633 404.357
0.0821643 404.357
0.0826653 404.357
0.0831663 404.357
0.0836673 404.357
0.0841683 404.357
0.0846693 404.357
0.0851703 404.358
0.0856713 404.358
0.0861723 404.358
0.0866733 404.358
0.0871743 404.358
0.0876754 404.358
0.0881764 404.358
0.0886774 404.358
0.0891784 404.358
0.0896794 404.359
0.0901804 404.359
0.0906814 404.359
0.0911824 404.359
0.0916834 404.359
0.0921844 404.359
0.0926854 404.359
0.0931864 404.359
0.0936874 404.359
0.0941884 404.36
0.0946894 404.36
0.0951904 404.36
0.0956914 404.36
0.0961924 404.36
0.0966934 404.36
0.0971944 404.36
0.0976954 404.36
0.0981964 404.36
0.0986974 404.361
0.0991984 404.361
0.0996994 404.361
0.1002 404.361
0.100701 404.361
0.101202 404.361
0.101703 404.361
0.102204 404.361
0.102705 404.361
0.103206 404.362
0.103707 404.362
0.104208 404.362
0.104709 404.362
0.10521 404.362
0.105711 404.362
0.106212 404.362
0.106713 404.362
0.107214 404.363
0.107715 404.363
0.108216 404.363
0.108717 404.363
0.109218 404.363
0.109719 404.363
0.11022 404.363
0.110721 404.363
0.111222 404.363
0.111723 404.364
0.112224 404.364
0.112725 404.364
0.113226 404.364
0.113727 404.364
0.114228 404.364
0.114729 404.364
0.11523 404.364
0.115731 404.364
0.116232 404.365
0.116733 404.365
0.117234 404.365
0.117735 404.365
0.118236 404.365
0.118737 404.365
0.119238 404.365
0.119739 404.365
0.12024 404.366
0.120741 404.366
0.121242 404.366
0.121743 404.366
0.122244 404.366
0.122745 404.366
0.123246 404.366
0.123747 404.366
0.124248 404.366
0.124749 404.367
0.125251 404.367
0.125752 404.367
0.126253 404.367
0.126754 404.367
0.127255 404.367
0.127756 404.367
0.128257 404.367
0.128758 404.368
0.129259 404.368
0.12976 404.368
0.130261 404.368
0.130762 404.368
0.131263 404.368
0.131764 404.368
0.132265 404.368
0.132766 404.368
0.133267 404.369
0.133768 404.369
0.134269 404.369
0.13477 404.369
0.135271 404.369
0.135772 404.369
0.136273 404.369
0.136774 404.369
0.137275 404.369
0.137776 404.37
0.138277 404.37
0.138778 404.37
0.139279 404.37
0.13978 404.37
0.140281 404.37
0.140782 404.37
0.141283 404.37
0.141784 404.37
0.142285 404.37
0.142786 404.37
0.143287 404.371
0.143788 404.371
0.144289 404.371
0.14479 404.371
0.145291 404.371
0.145792 404.371
0.146293 404.371
0.146794 404.371
0.147295 404.371
0.147796 404.371
0.148297 404.372
0.148798 404.376
0.149299 404.389
0.1498 404.431
0.150301 404.547
0.150802 404.786
0.151303 405.184
0.151804 405.758
0.152305 406.513
0.152806 407.45
0.153307 408.569
0.153808 409.869
0.154309 411.35
0.15481 413.011
0.155311 414.853
0.155812 416.877
0.156313 419.082
0.156814 421.47
0.157315 424.043
0.157816 426.803
0.158317 429.752
0.158818 432.891
0.159319 436.225
0.15982 439.757
0.160321 443.49
0.160822 447.428
0.161323 451.576
0.161824 455.937
0.162325 460.519
0.162826 465.325
0.163327 470.362
0.163828 475.635
0.164329 481.153
0.16483 486.922
0.165331 492.949
0.165832 499.244
0.166333 505.813
0.166834 512.667
0.167335 519.815
0.167836 527.268
0.168337 535.036
0.168838 543.13
0.169339 551.563
0.16984 560.346
0.170341 569.494
0.170842 579.021
0.171343 588.94
0.171844 599.268
0.172345 610.021
0.172846 621.215
0.173347 632.868
0.173848 645
0.174349 657.629
0.17485 670.776
0.175351 684.461
0.175852 698.708
0.176353 713.538
0.176854 728.976
0.177355 745.047
0.177856 761.775
0.178357 779.187
0.178858 797.309
0.179359 816.17
0.17986 835.797
0.180361 856.218
0.180862 877.461
0.181363 899.556
0.181864 922.53
0.182365 946.41
0.182866 971.223
0.183367 996.994
0.183868 1023.75
0.184369 1051.5
0.18487 1080.27
0.185371 1110.07
0.185872 1140.91
0.186373 1172.79
0.186874 1205.7
0.187375 1239.63
0.187876 1274.56
0.188377 1310.43
0.188878 1347.21
0.189379 1384.83
0.18988 1423.21
0.190381 1462.23
0.190882 1501.78
0.191383 1541.71
0.191884 1581.84
0.192385 1621.96
0.192886 1661.86
0.193387 1701.28
0.193888 1739.92
0.194389 1777.48
0.19489 1813.63
0.195391 1848
0.195892 1880.24
0.196393 1909.96
0.196894 1936.78
0.197395 1960.35
0.197896 1980.32
0.198397 1996.38
0.198898 2008.26
0.199399 2015.8
0.1999 2019.05
0.200401 2018.37
0.200902 2014.02
0.201403 2006.05
0.201904 1994.49
0.202405 1979.29
0.202906 1960.53
0.203407 1938.39
0.203908 1913.02
0.204409 1884.6
0.20491 1853.34
0.205411 1819.32
0.205912 1782.83
0.206413 1744.35
0.206914 1704.11
0.207415 1662.34
0.207916 1619.47
0.208417 1575.83
0.208918 1531.69
0.209419 1487.45
0.20992 1443.33
0.210421 1399.65
0.210922 1356.66
0.211423 1314.56
0.211924 1273.59
0.212425 1233.87
0.212926 1195.56
0.213427 1158.74
0.213928 1123.49
0.214429 1089.85
0.21493 1057.85
0.215431 1027.47
0.215932 998.7
0.216433 971.507
0.216934 945.836
0.217435 921.638
0.217936 898.85
0.218437 877.391
0.218938 857.211
0.219439 838.24
0.21994 820.385
0.220441 803.588
0.220942 787.797
0.221443 772.945
0.221944 758.955
0.222445 745.774
0.222946 733.348
0.223447 721.631
0.223948 710.575
0.224449 700.142
0.22495 690.29
0.225451 680.975
0.225952 672.161
0.226453 663.816
0.226954 655.916
0.227455 648.433
0.227956 641.337
0.228457 634.601
0.228958 628.204
0.229459 622.122
0.22996 616.336
0.230461 610.828
0.230962 605.592
0.231463 600.621
0.231964 595.886
0.232465 591.365
0.232966 587.046
0.233467 582.942
0.233968 579.041
0.234469 575.307
0.23497 571.736
0.235471 568.341
0.235972 565.105
0.236473 561.998
0.236974 559.044
0.237475 556.236
0.237976 553.534
0.238477 550.965
0.238978 548.524
0.239479 546.178
0.23998 543.949
0.240481 541.823
0.240982 539.792
0.241483 537.863
0.241984 536.015
0.242485 534.262
0.242986 532.593
0.243487 531.004
0.243988 529.499
0.244489 528.064
0.24499 526.706
0.245491 525.414
0.245992 524.195
0.246493 523.038
0.246994 521.948
0.247495 520.919
0.247996 519.953
0.248497 519.048
0.248998 518.216
0.249499 517.462
0.25 517.092
0.250501 517.092

