-0.000501002 1.05196e+07
0 1.05196e+07
0.000501002 1.05196e+07
0.001002 1.05196e+07
0.00150301 1.05196e+07
0.00200401 1.05196e+07
0.00250501 1.05196e+07
0.00300601 1.05196e+07
0.00350701 1.05196e+07
0.00400802 1.05195e+07
0.00450902 1.05195e+07
0.00501002 1.05195e+07
0.00551102 1.05195e+07
0.00601202 1.05195e+07
0.00651303 1.05195e+07
0.00701403 1.05195e+07
0.00751503 1.05195e+07
0.00801603 1.05195e+07
0.00851703 1.05195e+07
0.00901804 1.05195e+07
0.00951904 1.05195e+07
0.01002 1.05194e+07
0.010521 1.05194e+07
0.011022 1.05194e+07
0.011523 1.05194e+07
0.012024 1.05194e+07
0.0125251 1.05194e+07
0.0130261 1.05194e+07
0.0135271 1.05194e+07
0.0140281 1.05194e+07
0.0145291 1.05194e+07
0.0150301 1.05194e+07
0.0155311 1.05194e+07
0.0160321 1.05193e+07
0.0165331 1.05193e+07
0.0170341 1.05193e+07
0.0175351 1.05193e+07
0.0180361 1.05193e+07
0.0185371 1.05193e+07
0.0190381 1.05193e+07
0.0195391 1.05193e+07
0.0200401 1.05193e+07
0.0205411 1.05193e+07
0.0210421 1.05193e+07
0.0215431 1.05193e+07
0.0220441 1.05192e+07
0.0225451 1.05192e+07
0.0230461 1.05192e+07
0.0235471 1.05192e+07
0.0240481 1.05192e+07
0.0245491 1.05192e+07
0.0250501 1.05193e+07
0.0255511 1.05193e+07
0.0260521 1.05194e+07
0.0265531 1.05196e+07
0.0270541 1.052e+07
0.0275551 1.05209e+07
0.0280561 1.05225e+07
0.0285571 1.05257e+07
0.0290581 1.05322e+07
0.0295591 1.05457e+07
0.0300601 1.05737e+07
0.0305611 1.05845e+07
0.0310621 1.05865e+07
0.0315631 1.05841e+07
0.0320641 1.05795e+07
0.0325651 1.0574e+07
0.0330661 1.0568e+07
0.0335671 1.0562e+07
0.0340681 1.0556e+07
0.0345691 1.05502e+07
0.0350701 1.05444e+07
0.0355711 1.05387e+07
0.0360721 1.05332e+07
0.0365731 1.05278e+07
0.0370741 1.05225e+07
0.0375752 1.05173e+07
0.0380762 1.05122e+07
0.0385772 1.05071e+07
0.0390782 1.05022e+07
0.0395792 1.04973e+07
0.0400802 1.04925e+07
0.0405812 1.04878e+07
0.0410822 1.04832e+07
0.0415832 1.04786e+07
0.0420842 1.04741e+07
0.0425852 1.04697e+07
0.0430862 1.04653e+07
0.0435872 1.0461e+07
0.0440882 1.04567e+07
0.0445892 1.04525e+07
0.0450902 1.04484e+07
0.0455912 1.04444e+07
0.0460922 1.04405e+07
0.0465932 1.04366e+07
0.0470942 1.04329e+07
0.0475952 1.04292e+07
0.0480962 1.04256e+07
0.0485972 1.0422e+07
0.0490982 1.04177e+07
0.0495992 1.04101e+07
0.0501002 1.03889e+07
0.0506012 1.03814e+07
0.0511022 1.03788e+07
0.0516032 1.03779e+07
0.0521042 1.03775e+07
0.0526052 1.03774e+07
0.0531062 1.03774e+07
0.0536072 1.03774e+07
0.0541082 1.03774e+07
0.0546092 1.03774e+07
0.0551102 1.03774e+07
0.0556112 1.03774e+07
0.0561122 1.03774e+07
0.0566132 1.03774e+07
0.0571142 1.03774e+07
0.0576152 1.03774e+07
0.0581162 1.03774e+07
0.0586172 1.03774e+07
0.0591182 1.03774e+07
0.0596192 1.03774e+07
0.0601202 1.03774e+07
0.0606212 1.03774e+07
0.0611222 1.03774e+07
0.0616232 1.03774e+07
0.0621242 1.03774e+07
0.0626253 1.03774e+07
0.0631263 1.03774e+07
0.0636273 1.03774e+07
0.0641283 1.03774e+07
0.0646293 1.03774e+07
0.0651303 1.03774e+07
0.0656313 1.03774e+07
0.0661323 1.03774e+07
0.0666333 1.03774e+07
0.0671343 1.03774e+07
0.0676353 1.03774e+07
0.0681363 1.03774e+07
0.0686373 1.03774e+07
0.0691383 1.03774e+07
0.0696393 1.03774e+07
0.0701403 1.03774e+07
0.0706413 1.03774e+07
0.0711423 1.03774e+07
0.0716433 1.03774e+07
0.0721443 1.03774e+07
0.0726453 1.03774e+07
0.0731463 1.03774e+07
0.0736473 1.03774e+07
0.0741483 1.03774e+07
0.0746493 1.03774e+07
0.0751503 1.03774e+07
0.0756513 1.03774e+07
0.0761523 1.03774e+07
0.0766533 1.03774e+07
0.0771543 1.03774e+07
0.0776553 1.03774e+07
0.0781563 1.03774e+07
0.0786573 1.03774e+07
0.0791583 1.03774e+07
0.0796593 1.03774e+07
0.0801603 1.03774e+07
0.0806613 1.03774e+07
0.0811623 1.03774e+07
0.0816633 1.03774e+07
0.0821643 1.03774e+07
0.0826653 1.03774e+07
0.0831663 1.03774e+07
0.0836673 1.03774e+07
0.0841683 1.03774e+07
0.0846693 1.03774e+07
0.0851703 1.03774e+07
0.0856713 1.03774e+07
0.0861723 1.03774e+07
0.0866733 1.03774e+07
0.0871743 1.03774e+07
0.0876754 1.03774e+07
0.0881764 1.03774e+07
0.0886774 1.03774e+07
0.0891784 1.03774e+07
0.0896794 1.03774e+07
0.0901804 1.03774e+07
0.0906814 1.03774e+07
0.0911824 1.03774e+07
0.0916834 1.03774e+07
0.0921844 1.03774e+07
0.0926854 1.03774e+07
0.0931864 1.03774e+07
0.0936874 1.03774e+07
0.0941884 1.03774e+07
0.0946894 1.03774e+07
0.0951904 1.03774e+07
0.0956914 1.03774e+07
0.0961924 1.03774e+07
0.0966934 1.03774e+07
0.0971944 1.03774e+07
0.0976954 1.03774e+07
0.0981964 1.03774e+07
0.0986974 1.03774e+07
0.0991984 1.03774e+07
0.0996994 1.03774e+07
0.1002 1.03774e+07
0.100701 1.03774e+07
0.101202 1.03774e+07
0.101703 1.03774e+07
0.102204 1.03774e+07
0.102705 1.03774e+07
0.103206 1.03774e+07
0.103707 1.03774e+07
0.104208 1.03774e+07
0.104709 1.03774e+07
0.10521 1.03774e+07
0.105711 1.03774e+07
0.106212 1.03774e+07
0.106713 1.03774e+07
0.107214 1.03774e+07
0.107715 1.03774e+07
0.108216 1.03774e+07
0.108717 1.03774e+07
0.109218 1.03774e+07
0.109719 1.03774e+07
0.11022 1.03774e+07
0.110721 1.03774e+07
0.111222 1.03774e+07
0.111723 1.03774e+07
0.112224 1.03774e+07
0.112725 1.03774e+07
0.113226 1.03774e+07
0.113727 1.03774e+07
0.114228 1.03774e+07
0.114729 1.03774e+07
0.11523 1.03774e+07
0.115731 1.03774e+07
0.116232 1.03774e+07
0.116733 1.03774e+07
0.117234 1.03774e+07
0.117735 1.03774e+07
0.118236 1.03774e+07
0.118737 1.03774e+07
0.119238 1.03774e+07
0.119739 1.03774e+07
0.12024 1.03774e+07
0.120741 1.03774e+07
0.121242 1.03774e+07
0.121743 1.03774e+07
0.122244 1.03774e+07
0.122745 1.03774e+07
0.123246 1.03774e+07
0.123747 1.03774e+07
0.124248 1.03774e+07
0.124749 1.03774e+07
0.125251 1.03774e+07
0.125752 1.03774e+07
0.126253 1.03774e+07
0.126754 1.03774e+07
0.127255 1.03774e+07
0.127756 1.03774e+07
0.128257 1.03774e+07
0.128758 1.03774e+07
0.129259 1.03774e+07
0.12976 1.03774e+07
0.130261 1.03774e+07
0.130762 1.03774e+07
0.131263 1.03774e+07
0.131764 1.03774e+07
0.132265 1.03774e+07
0.132766 1.03774e+07
0.133267 1.03774e+07
0.133768 1.03774e+07
0.134269 1.03774e+07
0.13477 1.03774e+07
0.135271 1.03774e+07
0.135772 1.03774e+07
0.136273 1.03774e+07
0.136774 1.03774e+07
0.137275 1.03774e+07
0.137776 1.03774e+07
0.138277 1.03774e+07
0.138778 1.03774e+07
0.139279 1.03774e+07
0.13978 1.03774e+07
0.140281 1.03774e+07
0.140782 1.03774e+07
0.141283 1.03774e+07
0.141784 1.03774e+07
0.142285 1.03774e+07
0.142786 1.03774e+07
0.143287 1.03774e+07
0.143788 1.03774e+07
0.144289 1.03774e+07
0.14479 1.03774e+07
0.145291 1.03774e+07
0.145792 1.03774e+07
0.146293 1.03774e+07
0.146794 1.03774e+07
0.147295 1.03774e+07
0.147796 1.03774e+07
0.148297 1.03774e+07
0.148798 1.03774e+07
0.149299 1.03774e+07
0.1498 1.03775e+07
0.150301 1.03779e+07
0.150802 1.03784e+07
0.151303 1.03789e+07
0.151804 1.03795e+07
0.152305 1.03799e+07
0.152806 1.03804e+07
0.153307 1.03807e+07
0.153808 1.03811e+07
0.154309 1.03813e+07
0.15481 1.03815e+07
0.155311 1.03816e+07
0.155812 1.03817e+07
0.156313 1.03817e+07
0.156814 1.03817e+07
0.157315 1.03815e+07
0.157816 1.03814e+07
0.158317 1.03811e+07
0.158818 1.03808e+07
0.159319 1.03805e+07
0.15982 1.038e+07
0.160321 1.03795e+07
0.160822 1.0379e+07
0.161323 1.03783e+07
0.161824 1.03776e+07
0.162325 1.03768e+07
0.162826 1.03759e+07
0.163327 1.03749e+07
0.163828 1.03739e+07
0.164329 1.03727e+07
0.16483 1.03714e+07
0.165331 1.03701e+07
0.165832 1.03686e+07
0.166333 1.0367e+07
0.166834 1.03653e+07
0.167335 1.03634e+07
0.167836 1.03614e+07
0.168337 1.03593e+07
0.168838 1.0357e+07
0.169339 1.03545e+07
0.16984 1.03519e+07
0.170341 1.03491e+07
0.170842 1.0346e+07
0.171343 1.03427e+07
0.171844 1.03392e+07
0.172345 1.03355e+07
0.172846 1.03315e+07
0.173347 1.03272e+07
0.173848 1.03225e+07
0.174349 1.03176e+07
0.17485 1.03123e+07
0.175351 1.03065e+07
0.175852 1.03004e+07
0.176353 1.02938e+07
0.176854 1.02867e+07
0.177355 1.02791e+07
0.177856 1.02709e+07
0.178357 1.02621e+07
0.178858 1.02526e+07
0.179359 1.02424e+07
0.17986 1.02314e+07
0.180361 1.02195e+07
0.180862 1.02067e+07
0.181363 1.01929e+07
0.181864 1.01779e+07
0.182365 1.01617e+07
0.182866 1.01442e+07
0.183367 1.01253e+07
0.183868 1.01048e+07
0.184369 1.00826e+07
0.18487 1.00586e+07
0.185371 1.00325e+07
0.185872 1.00042e+07
0.186373 9.97357e+06
0.186874 9.94029e+06
0.187375 9.90417e+06
0.187876 9.86495e+06
0.188377 9.8224e+06
0.188878 9.77623e+06
0.189379 9.72613e+06
0.18988 9.67179e+06
0.190381 9.61288e+06
0.190882 9.54905e+06
0.191383 9.47995e+06
0.191884 9.40521e+06
0.192385 9.32447e+06
0.192886 9.23735e+06
0.193387 9.14352e+06
0.193888 9.04263e+06
0.194389 8.93439e+06
0.19489 8.81853e+06
0.195391 8.69484e+06
0.195892 8.56321e+06
0.196393 8.42358e+06
0.196894 8.27601e+06
0.197395 8.1207e+06
0.197896 7.95798e+06
0.198397 7.78838e+06
0.198898 7.61262e+06
0.199399 7.43169e+06
0.1999 7.2474e+06
0.200401 7.06199e+06
0.200902 6.87622e+06
0.201403 6.68968e+06
0.201904 6.50199e+06
0.202405 6.31278e+06
0.202906 6.12227e+06
0.203407 5.93115e+06
0.203908 5.7398e+06
0.204409 5.54866e+06
0.20491 5.35821e+06
0.205411 5.16841e+06
0.205912 4.98009e+06
0.206413 4.79454e+06
0.206914 4.61205e+06
0.207415 4.43284e+06
0.207916 4.25789e+06
0.208417 4.08769e+06
0.208918 3.92249e+06
0.209419 3.76303e+06
0.20992 3.6094e+06
0.210421 3.46201e+06
0.210922 3.32104e+06
0.211423 3.18663e+06
0.211924 3.05892e+06
0.212425 2.93786e+06
0.212926 2.82346e+06
0.213427 2.71556e+06
0.213928 2.61406e+06
0.214429 2.51872e+06
0.21493 2.42934e+06
0.215431 2.34566e+06
0.215932 2.26739e+06
0.216433 2.19427e+06
0.216934 2.12597e+06
0.217435 2.06223e+06
0.217936 2.00276e+06
0.218437 1.94723e+06
0.218938 1.89543e+06
0.219439 1.84708e+06
0.21994 1.80189e+06
0.220441 1.75965e+06
0.220942 1.72018e+06
0.221443 1.68326e+06
0.221944 1.64866e+06
0.222445 1.61622e+06
0.222946 1.58578e+06
0.223447 1.5572e+06
0.223948 1.53034e+06
0.224449 1.50509e+06
0.22495 1.48133e+06
0.225451 1.45894e+06
0.225952 1.43782e+06
0.226453 1.41788e+06
0.226954 1.39906e+06
0.227455 1.38128e+06
0.227956 1.36446e+06
0.228457 1.34854e+06
0.228958 1.33345e+06
0.229459 1.31913e+06
0.22996 1.30554e+06
0.230461 1.29262e+06
0.230962 1.28036e+06
0.231463 1.26875e+06
0.231964 1.2577e+06
0.232465 1.24718e+06
0.232966 1.23713e+06
0.233467 1.2276e+06
0.233968 1.21855e+06
0.234469 1.2099e+06
0.23497 1.20164e+06
0.235471 1.1938e+06
0.235972 1.18633e+06
0.236473 1.17916e+06
0.236974 1.17236e+06
0.237475 1.1659e+06
0.237976 1.15968e+06
0.238477 1.15378e+06
0.238978 1.14818e+06
0.239479 1.1428e+06
0.23998 1.13769e+06
0.240481 1.13282e+06
0.240982 1.12817e+06
0.241483 1.12376e+06
0.241984 1.11953e+06
0.242485 1.11553e+06
0.242986 1.11172e+06
0.243487 1.10809e+06
0.243988 1.10466e+06
0.244489 1.10138e+06
0.24499 1.09829e+06
0.245491 1.09534e+06
0.245992 1.09257e+06
0.246493 1.08993e+06
0.246994 1.08745e+06
0.247495 1.08511e+06
0.247996 1.08291e+06
0.248497 1.08085e+06
0.248998 1.07894e+06
0.249499 1.07719e+06
0.25 1.07632e+06
0.250501 1.07632e+06

