x[m]	rho[kg/m3]	u[m/s]	p[Pa]	T[K]	P_r[m]	P_u[m/s]	P_T[K]	P_N[-]
0	23.0509	11.5177	3.34825e+06	322.072	0.000102718	10.0042	300.028	7860
0.000501002	22.8997	11.5231	3.34825e+06	324.198	9.56477e-05	10.0171	300.116	15660
0.001002	22.7466	11.5287	3.34824e+06	326.381	8.32689e-05	10.0357	300.241	15540
0.00150301	22.5915	11.5343	3.34824e+06	328.621	6.14922e-05	10.058	300.375	15060
0.00200401	22.4343	11.5399	3.34824e+06	330.923	3.91244e-05	10.0765	300.484	4356
0.00250501	22.2752	11.5456	3.34824e+06	333.288	0	0	0	0
0.00300601	22.1139	11.5513	3.34824e+06	335.718	0	0	0	0
0.00350701	21.9506	11.5569	3.34824e+06	338.216	0	0	0	0
0.00400802	21.7851	11.5626	3.34825e+06	340.785	0	0	0	0
0.00450902	21.6175	11.5683	3.34825e+06	343.428	0	0	0	0
0.00501002	21.4477	11.5739	3.34825e+06	346.148	0	0	0	0
0.00551102	21.2756	11.5796	3.34826e+06	348.947	0	0	0	0
0.00601202	21.1013	11.5852	3.34826e+06	351.831	0	0	0	0
0.00651303	20.9247	11.5908	3.34827e+06	354.801	0	0	0	0
0.00701403	20.7458	11.5964	3.34827e+06	357.862	0	0	0	0
0.00751503	20.5645	11.602	3.34828e+06	361.017	0	0	0	0
0.00801603	20.3808	11.6076	3.34829e+06	364.272	0	0	0	0
0.00851703	20.1947	11.6131	3.34829e+06	367.63	0	0	0	0
0.00901804	20.0061	11.6187	3.3483e+06	371.096	0	0	0	0
0.00951904	19.815	11.6242	3.34831e+06	374.675	0	0	0	0
0.01002	19.6214	11.6297	3.34832e+06	378.373	0	0	0	0
0.010521	19.4252	11.6352	3.34833e+06	382.196	0	0	0	0
0.011022	19.2265	11.6407	3.34834e+06	386.148	0	0	0	0
0.011523	19.0251	11.6462	3.34835e+06	390.237	0	0	0	0
0.012024	18.821	11.6517	3.34837e+06	394.47	0	0	0	0
0.0125251	18.6142	11.6571	3.34838e+06	398.854	0	0	0	0
0.0130261	18.4046	11.6626	3.34839e+06	403.397	0	0	0	0
0.0135271	18.1923	11.668	3.3484e+06	408.107	0	0	0	0
0.0140281	17.9771	11.6734	3.34842e+06	412.993	0	0	0	0
0.0145291	17.7591	11.6788	3.34843e+06	418.065	0	0	0	0
0.0150301	17.5381	11.6842	3.34845e+06	423.334	0	0	0	0
0.0155311	17.3143	11.6896	3.34846e+06	428.81	0	0	0	0
0.0160321	17.0874	11.695	3.34848e+06	434.505	0	0	0	0
0.0165331	16.8575	11.7004	3.34849e+06	440.432	0	0	0	0
0.0170341	16.6245	11.7057	3.34851e+06	446.606	0	0	0	0
0.0175351	16.3885	11.711	3.34852e+06	453.041	0	0	0	0
0.0180361	16.1493	11.7164	3.34854e+06	459.754	0	0	0	0
0.0185371	15.9068	11.7217	3.34855e+06	466.763	0	0	0	0
0.0190381	15.6612	11.727	3.34857e+06	474.087	0	0	0	0
0.0195391	15.4123	11.7323	3.34859e+06	481.746	0	0	0	0
0.0200401	15.16	11.7376	3.3486e+06	489.764	0	0	0	0
0.0205411	14.9044	11.7429	3.34862e+06	498.167	0	0	0	0
0.0210421	14.6454	11.7481	3.34864e+06	506.98	0	0	0	0
0.0215431	14.3829	11.7534	3.34865e+06	516.235	0	0	0	0
0.0220441	14.1169	11.7586	3.34867e+06	525.964	0	0	0	0
0.0225451	13.8474	11.7639	3.34869e+06	536.205	0	0	0	0
0.0230461	13.5742	11.7692	3.3487e+06	546.997	0	0	0	0
0.0235471	13.2975	11.7745	3.34872e+06	558.385	0	0	0	0
0.0240481	13.017	11.7799	3.34874e+06	570.419	0	0	0	0
0.0245491	12.7328	11.7854	3.34875e+06	583.154	0	0	0	0
0.0250501	12.4448	11.7911	3.34877e+06	596.652	0	0	0	0
0.0255511	12.153	11.7975	3.3488e+06	610.982	0	0	0	0
0.0260521	11.8574	11.8051	3.34883e+06	626.222	0	0	0	0
0.0265531	11.5578	11.8151	3.34888e+06	642.461	0	0	0	0
0.0270541	11.2544	11.8303	3.34896e+06	659.799	0	0	0	0
0.0275551	10.9471	11.8564	3.34911e+06	678.35	0	0	0	0
0.0280561	10.6361	11.9059	3.34941e+06	698.246	0	0	0	0
0.0285571	10.3218	12.0061	3.35003e+06	719.643	0	0	0	0
0.0290581	10.0049	12.2178	3.35134e+06	742.724	0	0	0	0
0.0295591	9.68735	12.6786	3.35417e+06	767.721	0	0	0	0
0.0300601	9.37301	13.704	3.36037e+06	794.935	0	0	0	0
0.0305611	9.06736	15.3283	3.36265e+06	822.289	0	0	0	0
0.0310621	8.7741	17.2556	3.363e+06	849.86	0	0	0	0
0.0315631	8.49449	19.3346	3.36241e+06	877.682	0	0	0	0
0.0320641	8.22863	21.489	3.36139e+06	905.763	0	0	0	0
0.0325651	7.9761	23.6805	3.36017e+06	934.101	0	0	0	0
0.0330661	7.73627	25.8905	3.35887e+06	962.687	0	0	0	0
0.0335671	7.50844	28.1098	3.35754e+06	991.506	0	0	0	0
0.0340681	7.29192	30.3341	3.35621e+06	1020.54	0	0	0	0
0.0345691	7.08605	32.5613	3.3549e+06	1049.78	0	0	0	0
0.0350701	6.89019	34.7905	3.3536e+06	1079.2	0	0	0	0
0.0355711	6.70378	37.0211	3.35231e+06	1108.79	0	0	0	0
0.0360721	6.52628	39.2531	3.35104e+06	1138.51	0	0	0	0
0.0365731	6.35719	41.4862	3.34978e+06	1168.36	0	0	0	0
0.0370741	6.19606	43.7205	3.34854e+06	1198.3	0	0	0	0
0.0375752	6.04249	45.956	3.34732e+06	1228.3	0	0	0	0
0.0380762	5.89608	48.1925	3.34611e+06	1258.35	0	0	0	0
0.0385772	5.7565	50.4303	3.34491e+06	1288.4	0	0	0	0
0.0390782	5.62342	52.6691	3.34372e+06	1318.42	0	0	0	0
0.0395792	5.49658	54.9091	3.34255e+06	1348.37	0	0	0	0
0.0400802	5.3757	57.1502	3.34138e+06	1378.21	0	0	0	0
0.0405812	5.26058	59.3925	3.34023e+06	1407.88	0	0	0	0
0.0410822	5.15101	61.6359	3.33909e+06	1437.34	0	0	0	0
0.0415832	5.04683	63.8805	3.33795e+06	1466.51	0	0	0	0
0.0420842	4.9479	66.1262	3.33683e+06	1495.33	0	0	0	0
0.0425852	4.8541	68.373	3.33572e+06	1523.72	0	0	0	0
0.0430862	4.76537	70.621	3.33461e+06	1551.57	0	0	0	0
0.0435872	4.68165	72.8702	3.33352e+06	1578.8	0	0	0	0
0.0440882	4.60293	75.1205	3.33244e+06	1605.28	0	0	0	0
0.0445892	4.52924	77.3719	3.33136e+06	1630.87	0	0	0	0
0.0450902	4.46064	79.6245	3.33029e+06	1655.42	0	0	0	0
0.0455912	4.39724	81.8783	3.32924e+06	1678.76	0	0	0	0
0.0460922	4.33921	84.1332	3.32819e+06	1700.68	0	0	0	0
0.0465932	4.28675	86.3892	3.32716e+06	1720.95	0	0	0	0
0.0470942	4.24015	88.6462	3.32613e+06	1739.33	0	0	0	0
0.0475952	4.19976	90.9036	3.32512e+06	1755.52	0	0	0	0
0.0480962	4.16601	93.1591	3.3241e+06	1769.21	0	0	0	0
0.0485972	4.13938	95.4036	3.32305e+06	1780.02	0	0	0	0
0.0490982	4.12038	97.6013	3.32182e+06	1787.57	0	0	0	0
0.0495992	4.10919	99.6091	3.31983e+06	1791.36	0	0	0	0
0.0501002	4.1044	100.858	3.31474e+06	1790.7	0	0	0	0
0.0506012	4.10301	101.292	3.31299e+06	1790.36	0	0	0	0
0.0511022	4.10281	101.445	3.31239e+06	1790.13	0	0	0	0
0.0516032	4.10303	101.501	3.31219e+06	1789.92	0	0	0	0
0.0521042	4.10343	101.523	3.31212e+06	1789.71	0	0	0	0
0.0526052	4.10391	101.534	3.3121e+06	1789.49	0	0	0	0
0.0531062	4.10443	101.541	3.3121e+06	1789.26	0	0	0	0
0.0536072	4.105	101.547	3.3121e+06	1789.02	0	0	0	0
0.0541082	4.10561	101.553	3.31211e+06	1788.75	0	0	0	0
0.0546092	4.10625	101.558	3.31211e+06	1788.48	0	0	0	0
0.0551102	4.10693	101.563	3.31212e+06	1788.18	0	0	0	0
0.0556112	4.10765	101.568	3.31212e+06	1787.87	0	0	0	0
0.0561122	4.10841	101.573	3.31213e+06	1787.55	0	0	0	0
0.0566132	4.10921	101.578	3.31213e+06	1787.2	0	0	0	0
0.0571142	4.11005	101.584	3.31214e+06	1786.84	0	0	0	0
0.0576152	4.11093	101.589	3.31215e+06	1786.46	0	0	0	0
0.0581162	4.11185	101.594	3.31215e+06	1786.06	0	0	0	0
0.0586172	4.11281	101.599	3.31216e+06	1785.65	0	0	0	0
0.0591182	4.11382	101.604	3.31216e+06	1785.21	0	0	0	0
0.0596192	4.11487	101.609	3.31217e+06	1784.76	0	0	0	0
0.0601202	4.11596	101.615	3.31217e+06	1784.29	0	0	0	0
0.0606212	4.11709	101.62	3.31218e+06	1783.8	0	0	0	0
0.0611222	4.11828	101.625	3.31219e+06	1783.29	0	0	0	0
0.0616232	4.1195	101.63	3.31219e+06	1782.77	0	0	0	0
0.0621242	4.12077	101.635	3.3122e+06	1782.22	0	0	0	0
0.0626253	4.12208	101.64	3.3122e+06	1781.65	0	0	0	0
0.0631263	4.12344	101.646	3.31221e+06	1781.07	0	0	0	0
0.0636273	4.12485	101.651	3.31221e+06	1780.47	0	0	0	0
0.0641283	4.1263	101.656	3.31222e+06	1779.84	0	0	0	0
0.0646293	4.1278	101.661	3.31223e+06	1779.2	0	0	0	0
0.0651303	4.12934	101.666	3.31223e+06	1778.54	0	0	0	0
0.0656313	4.13093	101.672	3.31224e+06	1777.86	0	0	0	0
0.0661323	4.13256	101.677	3.31224e+06	1777.16	0	0	0	0
0.0666333	4.13424	101.682	3.31225e+06	1776.44	0	0	0	0
0.0671343	4.13597	101.687	3.31225e+06	1775.7	0	0	0	0
0.0676353	4.13774	101.693	3.31226e+06	1774.94	0	0	0	0
0.0681363	4.13956	101.698	3.31227e+06	1774.17	0	0	0	0
0.0686373	4.14142	101.703	3.31227e+06	1773.37	0	0	0	0
0.0691383	4.14333	101.708	3.31228e+06	1772.56	0	0	0	0
0.0696393	4.14528	101.714	3.31228e+06	1771.73	0	0	0	0
0.0701403	4.14728	101.719	3.31229e+06	1770.88	0	0	0	0
0.0706413	4.14933	101.724	3.31229e+06	1770.01	0	0	0	0
0.0711423	4.15142	101.729	3.3123e+06	1769.12	0	0	0	0
0.0716433	4.15355	101.735	3.31231e+06	1768.21	0	0	0	0
0.0721443	4.15573	101.74	3.31231e+06	1767.29	0	0	0	0
0.0726453	4.15796	101.745	3.31232e+06	1766.34	0	0	0	0
0.0731463	4.16023	101.751	3.31232e+06	1765.38	0	0	0	0
0.0736473	4.16254	101.756	3.31233e+06	1764.4	0	0	0	0
0.0741483	4.1649	101.761	3.31233e+06	1763.41	0	0	0	0
0.0746493	4.1673	101.767	3.31234e+06	1762.39	0	0	0	0
0.0751503	4.16975	101.772	3.31235e+06	1761.36	0	0	0	0
0.0756513	4.17224	101.777	3.31235e+06	1760.32	0	0	0	0
0.0761523	4.17477	101.783	3.31236e+06	1759.25	0	0	0	0
0.0766533	4.17735	101.788	3.31236e+06	1758.17	0	0	0	0
0.0771543	4.17997	101.794	3.31237e+06	1757.07	0	0	0	0
0.0776553	4.18263	101.799	3.31237e+06	1755.95	0	0	0	0
0.0781563	4.18534	101.804	3.31238e+06	1754.82	0	0	0	0
0.0786573	4.18808	101.81	3.31238e+06	1753.67	0	0	0	0
0.0791583	4.19087	101.815	3.31239e+06	1752.51	0	0	0	0
0.0796593	4.1937	101.821	3.31239e+06	1751.33	0	0	0	0
0.0801603	4.19658	101.826	3.3124e+06	1750.13	0	0	0	0
0.0806613	4.19949	101.832	3.3124e+06	1748.92	0	0	0	0
0.0811623	4.20245	101.837	3.31241e+06	1747.69	0	0	0	0
0.0816633	4.20545	101.843	3.31241e+06	1746.45	0	0	0	0
0.0821643	4.20849	101.848	3.31242e+06	1745.19	0	0	0	0
0.0826653	4.21157	101.854	3.31242e+06	1743.92	0	0	0	0
0.0831663	4.21469	101.859	3.31243e+06	1742.63	0	0	0	0
0.0836673	4.21785	101.865	3.31243e+06	1741.32	0	0	0	0
0.0841683	4.22106	101.87	3.31244e+06	1740	0	0	0	0
0.0846693	4.2243	101.876	3.31244e+06	1738.67	0	0	0	0
0.0851703	4.22759	101.881	3.31245e+06	1737.32	0	0	0	0
0.0856713	4.23091	101.887	3.31245e+06	1735.96	0	0	0	0
0.0861723	4.23428	101.893	3.31246e+06	1734.58	0	0	0	0
0.0866733	4.23768	101.898	3.31246e+06	1733.19	0	0	0	0
0.0871743	4.24113	101.904	3.31247e+06	1731.78	0	0	0	0
0.0876754	4.24461	101.909	3.31247e+06	1730.36	0	0	0	0
0.0881764	4.24814	101.915	3.31248e+06	1728.93	0	0	0	0
0.0886774	4.2517	101.921	3.31248e+06	1727.48	0	0	0	0
0.0891784	4.25531	101.926	3.31248e+06	1726.02	0	0	0	0
0.0896794	4.25895	101.932	3.31249e+06	1724.55	0	0	0	0
0.0901804	4.26264	101.938	3.31249e+06	1723.06	0	0	0	0
0.0906814	4.26636	101.944	3.3125e+06	1721.56	0	0	0	0
0.0911824	4.27013	101.949	3.3125e+06	1720.04	0	0	0	0
0.0916834	4.27393	101.955	3.3125e+06	1718.51	0	0	0	0
0.0921844	4.27777	101.961	3.31251e+06	1716.97	0	0	0	0
0.0926854	4.28165	101.967	3.31251e+06	1715.42	0	0	0	0
0.0931864	4.28558	101.972	3.31252e+06	1713.85	0	0	0	0
0.0936874	4.28954	101.978	3.31252e+06	1712.27	0	0	0	0
0.0941884	4.29354	101.984	3.31252e+06	1710.67	0	0	0	0
0.0946894	4.29758	101.99	3.31253e+06	1709.07	0	0	0	0
0.0951904	4.30166	101.996	3.31253e+06	1707.45	0	0	0	0
0.0956914	4.30578	102.002	3.31253e+06	1705.81	0	0	0	0
0.0961924	4.30994	102.008	3.31254e+06	1704.17	0	0	0	0
0.0966934	4.31414	102.013	3.31254e+06	1702.51	0	0	0	0
0.0971944	4.31838	102.019	3.31254e+06	1700.84	0	0	0	0
0.0976954	4.32265	102.025	3.31255e+06	1699.16	0	0	0	0
0.0981964	4.32697	102.031	3.31255e+06	1697.47	0	0	0	0
0.0986974	4.33133	102.037	3.31255e+06	1695.76	0	0	0	0
0.0991984	4.33572	102.043	3.31255e+06	1694.05	0	0	0	0
0.0996994	4.34016	102.049	3.31256e+06	1692.32	0	0	0	0
0.1002	4.34463	102.055	3.31256e+06	1690.58	0	0	0	0
0.100701	4.34914	102.061	3.31256e+06	1688.82	0	0	0	0
0.101202	4.35369	102.067	3.31256e+06	1687.06	0	0	0	0
0.101703	4.35828	102.073	3.31257e+06	1685.28	0	0	0	0
0.102204	4.36291	102.079	3.31257e+06	1683.5	0	0	0	0
0.102705	4.36758	102.086	3.31257e+06	1681.7	0	0	0	0
0.103206	4.37229	102.092	3.31257e+06	1679.89	0	0	0	0
0.103707	4.37703	102.098	3.31257e+06	1678.07	0	0	0	0
0.104208	4.38181	102.104	3.31258e+06	1676.24	0	0	0	0
0.104709	4.38664	102.11	3.31258e+06	1674.39	0	0	0	0
0.10521	4.3915	102.116	3.31258e+06	1672.54	0	0	0	0
0.105711	4.3964	102.123	3.31258e+06	1670.68	0	0	0	0
0.106212	4.40133	102.129	3.31258e+06	1668.81	0	0	0	0
0.106713	4.40631	102.135	3.31258e+06	1666.92	0	0	0	0
0.107214	4.41132	102.141	3.31258e+06	1665.03	0	0	0	0
0.107715	4.41637	102.148	3.31258e+06	1663.13	0	0	0	0
0.108216	4.42146	102.154	3.31258e+06	1661.21	0	0	0	0
0.108717	4.42658	102.16	3.31258e+06	1659.29	0	0	0	0
0.109218	4.43174	102.167	3.31259e+06	1657.36	0	0	0	0
0.109719	4.43694	102.173	3.31259e+06	1655.42	0	0	0	0
0.11022	4.44217	102.179	3.31259e+06	1653.46	0	0	0	0
0.110721	4.44744	102.186	3.31259e+06	1651.51	0	0	0	0
0.111222	4.45275	102.192	3.31259e+06	1649.54	0	0	0	0
0.111723	4.45809	102.199	3.31259e+06	1647.56	0	0	0	0
0.112224	4.46347	102.205	3.31258e+06	1645.57	0	0	0	0
0.112725	4.46889	102.211	3.31258e+06	1643.58	0	0	0	0
0.113226	4.47433	102.218	3.31258e+06	1641.58	0	0	0	0
0.113727	4.47982	102.225	3.31258e+06	1639.57	0	0	0	0
0.114228	4.48533	102.231	3.31258e+06	1637.55	0	0	0	0
0.114729	4.49088	102.238	3.31258e+06	1635.53	0	0	0	0
0.11523	4.49647	102.244	3.31258e+06	1633.5	0	0	0	0
0.115731	4.50209	102.251	3.31258e+06	1631.46	0	0	0	0
0.116232	4.50774	102.257	3.31258e+06	1629.41	0	0	0	0
0.116733	4.51342	102.264	3.31257e+06	1627.36	0	0	0	0
0.117234	4.51913	102.271	3.31257e+06	1625.3	0	0	0	0
0.117735	4.52488	102.277	3.31257e+06	1623.23	0	0	0	0
0.118236	4.53066	102.284	3.31257e+06	1621.16	0	0	0	0
0.118737	4.53647	102.291	3.31257e+06	1619.09	0	0	0	0
0.119238	4.54231	102.298	3.31256e+06	1617	0	0	0	0
0.119739	4.54818	102.304	3.31256e+06	1614.92	0	0	0	0
0.12024	4.55408	102.311	3.31256e+06	1612.82	0	0	0	0
0.120741	4.56	102.318	3.31255e+06	1610.72	0	0	0	0
0.121242	4.56596	102.325	3.31255e+06	1608.62	0	0	0	0
0.121743	4.57194	102.332	3.31255e+06	1606.51	0	0	0	0
0.122244	4.57796	102.339	3.31254e+06	1604.4	0	0	0	0
0.122745	4.58399	102.346	3.31254e+06	1602.29	0	0	0	0
0.123246	4.59006	102.353	3.31254e+06	1600.17	0	0	0	0
0.123747	4.59615	102.36	3.31253e+06	1598.05	0	0	0	0
0.124248	4.60227	102.367	3.31253e+06	1595.92	0	0	0	0
0.124749	4.60841	102.374	3.31252e+06	1593.79	0	0	0	0
0.125251	4.61457	102.381	3.31252e+06	1591.66	0	0	0	0
0.125752	4.62076	102.388	3.31251e+06	1589.53	0	0	0	0
0.126253	4.62697	102.395	3.31251e+06	1587.39	0	0	0	0
0.126754	4.63321	102.402	3.3125e+06	1585.25	0	0	0	0
0.127255	4.63947	102.409	3.3125e+06	1583.11	0	0	0	0
0.127756	4.64574	102.416	3.31249e+06	1580.97	0	0	0	0
0.128257	4.65204	102.423	3.31249e+06	1578.83	0	0	0	0
0.128758	4.65836	102.43	3.31248e+06	1576.68	0	0	0	0
0.129259	4.6647	102.438	3.31247e+06	1574.54	0	0	0	0
0.12976	4.67105	102.445	3.31247e+06	1572.39	0	0	0	0
0.130261	4.67743	102.452	3.31246e+06	1570.24	0	0	0	0
0.130762	4.68382	102.459	3.31245e+06	1568.1	0	0	0	0
0.131263	4.69023	102.467	3.31245e+06	1565.95	0	0	0	0
0.131764	4.69665	102.474	3.31244e+06	1563.81	0	0	0	0
0.132265	4.70309	102.481	3.31243e+06	1561.66	0	0	0	0
0.132766	4.70954	102.489	3.31243e+06	1559.52	0	0	0	0
0.133267	4.71601	102.496	3.31242e+06	1557.38	0	0	0	0
0.133768	4.72249	102.504	3.31241e+06	1555.24	0	0	0	0
0.134269	4.72898	102.511	3.3124e+06	1553.1	0	0	0	0
0.13477	4.73548	102.519	3.31239e+06	1550.96	0	0	0	0
0.135271	4.74199	102.526	3.31238e+06	1548.83	0	0	0	0
0.135772	4.74852	102.534	3.31237e+06	1546.7	0	0	0	0
0.136273	4.75505	102.541	3.31236e+06	1544.57	0	0	0	0
0.136774	4.76159	102.549	3.31236e+06	1542.44	0	0	0	0
0.137275	4.76814	102.556	3.31235e+06	1540.32	0	0	0	0
0.137776	4.77469	102.564	3.31234e+06	1538.2	0	0	0	0
0.138277	4.78125	102.572	3.31233e+06	1536.09	0	0	0	0
0.138778	4.78781	102.579	3.31232e+06	1533.97	0	0	0	0
0.139279	4.79437	102.587	3.3123e+06	1531.87	0	0	0	0
0.13978	4.80094	102.595	3.31229e+06	1529.77	0	0	0	0
0.140281	4.80751	102.603	3.31228e+06	1527.67	0	0	0	0
0.140782	4.81408	102.61	3.31227e+06	1525.58	0	0	0	0
0.141283	4.82065	102.618	3.31226e+06	1523.5	0	0	0	0
0.141784	4.82721	102.626	3.31225e+06	1521.42	0	0	0	0
0.142285	4.83377	102.634	3.31224e+06	1519.35	0	0	0	0
0.142786	4.84032	102.642	3.31222e+06	1517.29	0	0	0	0
0.143287	4.84687	102.65	3.31221e+06	1515.23	0	0	0	0
0.143788	4.85341	102.657	3.3122e+06	1513.19	0	0	0	0
0.144289	4.85994	102.665	3.31218e+06	1511.15	0	0	0	0
0.14479	4.86646	102.673	3.31217e+06	1509.12	0	0	0	0
0.145291	4.87296	102.681	3.31216e+06	1507.1	0	0	0	0
0.145792	4.87945	102.689	3.31214e+06	1505.09	0	0	0	0
0.146293	4.88592	102.697	3.31213e+06	1503.09	0	0	0	0
0.146794	4.89236	102.706	3.31211e+06	1501.1	0	0	0	0
0.147295	4.89879	102.714	3.3121e+06	1499.13	0	0	0	0
0.147796	4.90519	102.722	3.31209e+06	1497.16	0	0	0	0
0.148297	4.91156	102.73	3.31207e+06	1495.22	0	0	0	0
0.148798	4.9179	102.739	3.31206e+06	1493.28	0	0	0	0
0.149299	4.92421	102.75	3.31206e+06	1491.37	0	0	0	0
0.1498	4.93052	102.768	3.31208e+06	1489.47	0	0	0	0
0.150301	4.93685	102.802	3.31216e+06	1487.6	0	0	0	0
0.150802	4.94319	102.868	3.31228e+06	1485.74	0	0	0	0
0.151303	4.94949	102.973	3.31242e+06	1483.91	0	0	0	0
0.151804	4.95572	103.124	3.31254e+06	1482.1	0	0	0	0
0.152305	4.96187	103.322	3.31264e+06	1480.31	0	0	0	0
0.152806	4.96794	103.567	3.31271e+06	1478.53	0	0	0	0
0.153307	4.97392	103.859	3.31276e+06	1476.78	0	0	0	0
0.153808	4.9798	104.197	3.31279e+06	1475.04	0	0	0	0
0.154309	4.9856	104.582	3.31278e+06	1473.33	0	0	0	0
0.15481	4.99131	105.014	3.31275e+06	1471.63	0	0	0	0
0.155311	4.99691	105.493	3.31269e+06	1469.95	0	0	0	0
0.155812	5.00243	106.018	3.31261e+06	1468.29	0	0	0	0
0.156313	5.00784	106.591	3.3125e+06	1466.66	0	0	0	0
0.156814	5.01315	107.211	3.31236e+06	1465.04	0	0	0	0
0.157315	5.01836	107.878	3.31219e+06	1463.44	0	0	0	0
0.157816	5.02347	108.594	3.31199e+06	1461.87	0	0	0	0
0.158317	5.02848	109.36	3.31177e+06	1460.31	0	0	0	0
0.158818	5.03338	110.174	3.31151e+06	1458.78	0	0	0	0
0.159319	5.03816	111.04	3.31122e+06	1457.27	0	0	0	0
0.15982	5.04284	111.956	3.3109e+06	1455.77	0	0	0	0
0.160321	5.04741	112.925	3.31055e+06	1454.3	0	0	0	0
0.160822	5.05185	113.948	3.31016e+06	1452.85	0	0	0	0
0.161323	5.05619	115.025	3.30973e+06	1451.42	0	0	0	0
0.161824	5.0604	116.159	3.30927e+06	1450.01	0	0	0	0
0.162325	5.06449	117.349	3.30877e+06	1448.62	0	0	0	0
0.162826	5.06845	118.599	3.30823e+06	1447.25	0	0	0	0
0.163327	5.07228	119.909	3.30764e+06	1445.9	0	0	0	0
0.163828	5.07599	121.282	3.30701e+06	1444.57	0	0	0	0
0.164329	5.07956	122.719	3.30633e+06	1443.26	0	0	0	0
0.16483	5.08299	124.222	3.30561e+06	1441.97	0	0	0	0
0.165331	5.08628	125.793	3.30483e+06	1440.69	0	0	0	0
0.165832	5.08942	127.435	3.30399e+06	1439.44	0	0	0	0
0.166333	5.09241	129.15	3.3031e+06	1438.21	0	0	0	0
0.166834	5.09525	130.941	3.30214e+06	1436.99	0	0	0	0
0.167335	5.09793	132.81	3.30112e+06	1435.79	0	0	0	0
0.167836	5.10044	134.76	3.30002e+06	1434.61	0	0	0	0
0.168337	5.10278	136.795	3.29886e+06	1433.44	0	0	0	0
0.168838	5.10495	138.918	3.29761e+06	1432.29	0	0	0	0
0.169339	5.10693	141.131	3.29628e+06	1431.16	0	0	0	0
0.16984	5.10872	143.439	3.29486e+06	1430.04	0	0	0	0
0.170341	5.11031	145.846	3.29335e+06	1428.94	0	0	0	0
0.170842	5.1117	148.356	3.29173e+06	1427.85	0	0	0	0
0.171343	5.11287	150.973	3.29e+06	1426.77	0	0	0	0
0.171844	5.11382	153.702	3.28816e+06	1425.71	0	0	0	0
0.172345	5.11452	156.547	3.28619e+06	1424.66	0	0	0	0
0.172846	5.11499	159.515	3.28409e+06	1423.62	0	0	0	0
0.173347	5.11519	162.61	3.28184e+06	1422.59	0	0	0	0
0.173848	5.11511	165.838	3.27944e+06	1421.57	0	0	0	0
0.174349	5.11475	169.205	3.27687e+06	1420.56	0	0	0	0
0.17485	5.11408	172.718	3.27413e+06	1419.55	0	0	0	0
0.175351	5.11309	176.384	3.27119e+06	1418.55	0	0	0	0
0.175852	5.11176	180.21	3.26805e+06	1417.56	0	0	0	0
0.176353	5.11007	184.203	3.26468e+06	1416.57	0	0	0	0
0.176854	5.10799	188.373	3.26107e+06	1415.58	0	0	0	0
0.177355	5.1055	192.726	3.25721e+06	1414.59	0	0	0	0
0.177856	5.10257	197.273	3.25306e+06	1413.6	0	0	0	0
0.178357	5.09918	202.024	3.24861e+06	1412.6	0	0	0	0
0.178858	5.09529	206.987	3.24383e+06	1411.6	0	0	0	0
0.179359	5.09086	212.174	3.2387e+06	1410.6	0	0	0	0
0.17986	5.08586	217.596	3.23318e+06	1409.58	0	0	0	0
0.180361	5.08025	223.265	3.22725e+06	1408.54	0	0	0	0
0.180862	5.07398	229.194	3.22086e+06	1407.5	0	0	0	0
0.181363	5.067	235.395	3.21399e+06	1406.43	0	0	0	0
0.181864	5.05926	241.882	3.20659e+06	1405.34	0	0	0	0
0.182365	5.05069	248.671	3.19862e+06	1404.22	0	0	0	0
0.182866	5.04124	255.775	3.19002e+06	1403.07	0	0	0	0
0.183367	5.03083	263.211	3.18075e+06	1401.89	0	0	0	0
0.183868	5.0194	270.996	3.17075e+06	1400.67	0	0	0	0
0.184369	5.00684	279.146	3.15996e+06	1399.4	0	0	0	0
0.18487	4.99309	287.68	3.1483e+06	1398.07	0	0	0	0
0.185371	4.97803	296.617	3.13571e+06	1396.7	0	0	0	0
0.185872	4.96157	305.975	3.12211e+06	1395.25	0	0	0	0
0.186373	4.9436	315.775	3.10742e+06	1393.73	0	0	0	0
0.186874	4.92398	326.036	3.09154e+06	1392.14	0	0	0	0
0.187375	4.9026	336.78	3.07438e+06	1390.45	0	0	0	0
0.187876	4.87931	348.027	3.05584e+06	1388.66	0	0	0	0
0.188377	4.85398	359.798	3.03582e+06	1386.76	0	0	0	0
0.188878	4.82644	372.114	3.01421e+06	1384.74	0	0	0	0
0.189379	4.79654	384.996	2.99087e+06	1382.59	0	0	0	0
0.18988	4.7641	398.466	2.9657e+06	1380.29	0	0	0	0
0.190381	4.72896	412.542	2.93858e+06	1377.83	0	0	0	0
0.190882	4.69092	427.244	2.90936e+06	1375.19	0	0	0	0
0.191383	4.64981	442.588	2.87793e+06	1372.36	0	0	0	0
0.191884	4.60544	458.59	2.84417e+06	1369.33	0	0	0	0
0.192385	4.55765	475.262	2.80795e+06	1366.07	0	0	0	0
0.192886	4.50625	492.616	2.76917e+06	1362.57	0	0	0	0
0.193387	4.4511	510.657	2.72772e+06	1358.8	0	0	0	0
0.193888	4.39204	529.387	2.68353e+06	1354.76	0	0	0	0
0.194389	4.32897	548.804	2.63653e+06	1350.43	0	0	0	0
0.19489	4.26179	568.9	2.58667e+06	1345.78	0	0	0	0
0.195391	4.19047	589.659	2.53397e+06	1340.79	0	0	0	0
0.195892	4.11499	611.058	2.47844e+06	1335.47	0	0	0	0
0.196393	4.03541	633.067	2.42017e+06	1329.78	0	0	0	0
0.196894	3.95184	655.642	2.35927e+06	1323.73	0	0	0	0
0.197395	3.86449	678.731	2.29592e+06	1317.31	0	0	0	0
0.197896	3.77362	702.264	2.23036e+06	1310.51	0	0	0	0
0.198397	3.67961	726.156	2.16289e+06	1303.34	0	0	0	0
0.198898	3.58293	750.3	2.0939e+06	1295.81	0	0	0	0
0.199399	3.48422	774.562	2.02387e+06	1287.95	0	0	0	0
0.1999	3.38437	798.808	1.95345e+06	1279.82	0	0	0	0
0.200401	3.28432	822.973	1.88334e+06	1271.47	0	0	0	0
0.200902	3.18439	847.077	1.81377e+06	1262.93	0	0	0	0
0.201403	3.08446	871.17	1.74468e+06	1254.18	0	0	0	0
0.201904	2.98442	895.289	1.676e+06	1245.19	0	0	0	0
0.202405	2.88422	919.442	1.6077e+06	1235.95	0	0	0	0
0.202906	2.78405	943.605	1.53993e+06	1226.45	0	0	0	0
0.203407	2.68423	967.751	1.47293e+06	1216.71	0	0	0	0
0.203908	2.58498	991.861	1.40685e+06	1206.75	0	0	0	0
0.204409	2.48654	1015.92	1.34186e+06	1196.56	0	0	0	0
0.20491	2.38914	1039.9	1.27809e+06	1186.16	0	0	0	0
0.205411	2.29288	1063.78	1.21562e+06	1175.55	0	0	0	0
0.205912	2.19815	1087.48	1.15469e+06	1164.75	0	0	0	0
0.206413	2.10548	1110.95	1.09564e+06	1153.83	0	0	0	0
0.206914	2.01501	1134.16	1.03853e+06	1142.78	0	0	0	0
0.207415	1.9269	1157.06	983430	1131.64	0	0	0	0
0.207916	1.84151	1179.59	930557	1120.45	0	0	0	0
0.208417	1.75906	1201.71	879995	1109.24	0	0	0	0
0.208918	1.67964	1223.38	831776	1098.03	0	0	0	0
0.209419	1.60351	1244.56	786014	1086.88	0	0	0	0
0.20992	1.5307	1265.2	742679	1075.81	0	0	0	0
0.210421	1.46132	1285.26	701800	1064.85	0	0	0	0
0.210922	1.39542	1304.73	663352	1054.05	0	0	0	0
0.211423	1.33299	1323.55	627290	1043.43	0	0	0	0
0.211924	1.27405	1341.73	593573	1033.02	0	0	0	0
0.212425	1.21853	1359.23	562115	1022.85	0	0	0	0
0.212926	1.16635	1376.04	532837	1012.95	0	0	0	0
0.213427	1.11743	1392.16	505635	1003.32	0	0	0	0
0.213928	1.07164	1407.59	480412	994	0	0	0	0
0.214429	1.02886	1422.32	457051	984.987	0	0	0	0
0.21493	0.988953	1436.37	435446	976.297	0	0	0	0
0.215431	0.951756	1449.76	415478	967.933	0	0	0	0
0.215932	0.917123	1462.49	397036	959.901	0	0	0	0
0.216433	0.884897	1474.58	380012	952.199	0	0	0	0
0.216934	0.854922	1486.06	364295	944.823	0	0	0	0
0.217435	0.82705	1496.95	349788	937.771	0	0	0	0
0.217936	0.801135	1507.27	336394	931.035	0	0	0	0
0.218437	0.777022	1517.05	324015	924.603	0	0	0	0
0.218938	0.754597	1526.31	312577	918.471	0	0	0	0
0.219439	0.73373	1535.08	302000	912.627	0	0	0	0
0.21994	0.714284	1543.4	292201	907.055	0	0	0	0
0.220441	0.696157	1551.27	283118	901.746	0	0	0	0
0.220942	0.679261	1558.72	274699	896.693	0	0	0	0
0.221443	0.663494	1565.78	266883	891.881	0	0	0	0
0.221944	0.648756	1572.48	259613	887.295	0	0	0	0
0.222445	0.634967	1578.83	252843	882.925	0	0	0	0
0.222946	0.622057	1584.86	246534	878.761	0	0	0	0
0.223447	0.609959	1590.57	240647	874.791	0	0	0	0
0.223948	0.598613	1596	235150	871.007	0	0	0	0
0.224449	0.587966	1601.15	230011	867.4	0	0	0	0
0.22495	0.577965	1606.04	225202	863.961	0	0	0	0
0.225451	0.568557	1610.69	220695	860.679	0	0	0	0
0.225952	0.559699	1615.12	216465	857.546	0	0	0	0
0.226453	0.551351	1619.33	212493	854.554	0	0	0	0
0.226954	0.543482	1623.33	208760	851.697	0	0	0	0
0.227455	0.536059	1627.14	205249	848.969	0	0	0	0
0.227956	0.529047	1630.77	201942	846.361	0	0	0	0
0.228457	0.522417	1634.23	198824	843.867	0	0	0	0
0.228958	0.516143	1637.53	195880	841.48	0	0	0	0
0.229459	0.510198	1640.68	193098	839.195	0	0	0	0
0.22996	0.504561	1643.69	190467	837.006	0	0	0	0
0.230461	0.499214	1646.56	187976	834.909	0	0	0	0
0.230962	0.494147	1649.29	185621	832.902	0	0	0	0
0.231463	0.489349	1651.9	183395	830.984	0	0	0	0
0.231964	0.484791	1654.39	181285	829.145	0	0	0	0
0.232465	0.480451	1656.78	179280	827.38	0	0	0	0
0.232966	0.476318	1659.06	177373	825.684	0	0	0	0
0.233467	0.472401	1661.23	175569	824.063	0	0	0	0
0.233968	0.468685	1663.3	173860	822.512	0	0	0	0
0.234469	0.465136	1665.29	172231	821.02	0	0	0	0
0.23497	0.461753	1667.19	170679	819.587	0	0	0	0
0.235471	0.458543	1669	169209	818.217	0	0	0	0
0.235972	0.455489	1670.73	167813	816.904	0	0	0	0
0.236473	0.452564	1672.39	166477	815.637	0	0	0	0
0.236974	0.44979	1673.97	165211	814.427	0	0	0	0
0.237475	0.447156	1675.48	164010	813.27	0	0	0	0
0.237976	0.444629	1676.92	162859	812.153	0	0	0	0
0.238477	0.442232	1678.29	161768	811.086	0	0	0	0
0.238978	0.439956	1679.61	160733	810.065	0	0	0	0
0.239479	0.437775	1680.86	159742	809.082	0	0	0	0
0.23998	0.435707	1682.06	158803	808.142	0	0	0	0
0.240481	0.433738	1683.19	157909	807.242	0	0	0	0
0.240982	0.431861	1684.28	157058	806.378	0	0	0	0
0.241483	0.430081	1685.31	156250	805.554	0	0	0	0
0.241984	0.42838	1686.3	155479	804.76	0	0	0	0
0.242485	0.42677	1687.23	154749	804.004	0	0	0	0
0.242986	0.42524	1688.12	154056	803.281	0	0	0	0
0.243487	0.423786	1688.96	153397	802.59	0	0	0	0
0.243988	0.422413	1689.76	152774	801.931	0	0	0	0
0.244489	0.421105	1690.51	152182	801.3	0	0	0	0
0.24499	0.419872	1691.23	151622	800.7	0	0	0	0
0.245491	0.418701	1691.9	151091	800.127	0	0	0	0
0.245992	0.417598	1692.54	150591	799.582	0	0	0	0
0.246493	0.416555	1693.14	150117	799.063	0	0	0	0
0.246994	0.415575	1693.7	149672	798.571	0	0	0	0
0.247495	0.414653	1694.22	149252	798.103	0	0	0	0
0.247996	0.41379	1694.71	148859	797.661	0	0	0	0
0.248497	0.412986	1695.16	148492	797.245	0	0	0	0
0.248998	0.412253	1695.55	148157	796.86	0	0	0	0
0.249499	0.411618	1695.8	147865	796.518	0	0	0	0
0.25	0.41133	1695.85	147728	796.332	0	0	0	0
