x[m]	rho[kg/m3]	u[m/s]	p[Pa]	T[K]	P_r[m]	P_u[m/s]	P_T[K]	P_N[-]
0	19.7709	13.4203	2.87224e+06	322.12	0.000102871	10.0213	300.028	7550
0.000501002	19.6382	13.4203	2.87224e+06	324.297	9.59172e-05	10.0852	300.116	14930
0.001002	19.5038	13.4203	2.87224e+06	326.531	8.33166e-05	10.175	300.241	14810
0.00150301	19.3677	13.4203	2.87224e+06	328.825	6.22186e-05	10.2775	300.374	14380
0.00200401	19.2299	13.4204	2.87224e+06	331.182	4.12294e-05	10.3585	300.48	4490
0.00250501	19.0903	13.4204	2.87224e+06	333.604	0	0	0	0
0.00300601	18.9489	13.4204	2.87224e+06	336.094	0	0	0	0
0.00350701	18.8057	13.4204	2.87224e+06	338.653	0	0	0	0
0.00400802	18.6607	13.4204	2.87224e+06	341.285	0	0	0	0
0.00450902	18.5138	13.4204	2.87224e+06	343.993	0	0	0	0
0.00501002	18.365	13.4205	2.87224e+06	346.78	0	0	0	0
0.00551102	18.2143	13.4205	2.87224e+06	349.649	0	0	0	0
0.00601202	18.0617	13.4205	2.87224e+06	352.604	0	0	0	0
0.00651303	17.9071	13.4205	2.87224e+06	355.647	0	0	0	0
0.00701403	17.7505	13.4205	2.87224e+06	358.784	0	0	0	0
0.00751503	17.592	13.4205	2.87224e+06	362.018	0	0	0	0
0.00801603	17.4314	13.4205	2.87224e+06	365.353	0	0	0	0
0.00851703	17.2687	13.4206	2.87224e+06	368.794	0	0	0	0
0.00901804	17.104	13.4206	2.87224e+06	372.346	0	0	0	0
0.00951904	16.9372	13.4206	2.87224e+06	376.014	0	0	0	0
0.01002	16.7682	13.4206	2.87224e+06	379.803	0	0	0	0
0.010521	16.597	13.4206	2.87224e+06	383.719	0	0	0	0
0.011022	16.4237	13.4206	2.87224e+06	387.769	0	0	0	0
0.011523	16.2481	13.4207	2.87224e+06	391.959	0	0	0	0
0.012024	16.0703	13.4207	2.87224e+06	396.296	0	0	0	0
0.0125251	15.8903	13.4207	2.87224e+06	400.787	0	0	0	0
0.0130261	15.7079	13.4207	2.87224e+06	405.441	0	0	0	0
0.0135271	15.5231	13.4207	2.87224e+06	410.266	0	0	0	0
0.0140281	15.336	13.4207	2.87224e+06	415.271	0	0	0	0
0.0145291	15.1465	13.4207	2.87224e+06	420.466	0	0	0	0
0.0150301	14.9546	13.4208	2.87224e+06	425.862	0	0	0	0
0.0155311	14.7602	13.4208	2.87224e+06	431.47	0	0	0	0
0.0160321	14.5634	13.4208	2.87224e+06	437.303	0	0	0	0
0.0165331	14.364	13.4208	2.87224e+06	443.373	0	0	0	0
0.0170341	14.162	13.4208	2.87224e+06	449.695	0	0	0	0
0.0175351	13.9575	13.4208	2.87224e+06	456.285	0	0	0	0
0.0180361	13.7504	13.4209	2.87224e+06	463.159	0	0	0	0
0.0185371	13.5406	13.4209	2.87224e+06	470.336	0	0	0	0
0.0190381	13.3281	13.4209	2.87224e+06	477.834	0	0	0	0
0.0195391	13.1128	13.4209	2.87224e+06	485.677	0	0	0	0
0.0200401	12.8949	13.4209	2.87224e+06	493.887	0	0	0	0
0.0205411	12.6741	13.421	2.87224e+06	502.49	0	0	0	0
0.0210421	12.4505	13.421	2.87224e+06	511.514	0	0	0	0
0.0215431	12.2241	13.421	2.87224e+06	520.99	0	0	0	0
0.0220441	11.9947	13.4211	2.87224e+06	530.952	0	0	0	0
0.0225451	11.7624	13.4212	2.87224e+06	541.438	0	0	0	0
0.0230461	11.5271	13.4214	2.87224e+06	552.489	0	0	0	0
0.0235471	11.2888	13.4217	2.87225e+06	564.151	0	0	0	0
0.0240481	11.0475	13.4222	2.87225e+06	576.476	0	0	0	0
0.0245491	10.8031	13.4232	2.87225e+06	589.519	0	0	0	0
0.0250501	10.5556	13.4249	2.87226e+06	603.346	0	0	0	0
0.0255511	10.3049	13.428	2.87228e+06	618.027	0	0	0	0
0.0260521	10.051	13.4338	2.87232e+06	633.644	0	0	0	0
0.0265531	9.794	13.4447	2.87238e+06	650.287	0	0	0	0
0.0270541	9.53382	13.4652	2.87249e+06	668.06	0	0	0	0
0.0275551	9.27056	13.5043	2.87271e+06	687.083	0	0	0	0
0.0280561	9.00442	13.5798	2.87313e+06	707.494	0	0	0	0
0.0285571	8.73576	13.7269	2.87392e+06	729.453	0	0	0	0
0.0290581	8.4654	14.0173	2.87546e+06	753.154	0	0	0	0
0.0295591	8.19489	14.5978	2.8785e+06	778.836	0	0	0	0
0.0300601	7.92742	15.774	2.88455e+06	806.806	0	0	0	0
0.0305611	7.66715	17.5831	2.88704e+06	834.915	0	0	0	0
0.0310621	7.41702	19.7459	2.88759e+06	863.235	0	0	0	0
0.0315631	7.17822	22.1047	2.88711e+06	891.805	0	0	0	0
0.0320641	6.95095	24.5714	2.88609e+06	920.637	0	0	0	0
0.0325651	6.73499	27.0972	2.88479e+06	949.732	0	0	0	0
0.0330661	6.52986	29.6555	2.88336e+06	979.082	0	0	0	0
0.0335671	6.33502	32.2317	2.88188e+06	1008.68	0	0	0	0
0.0340681	6.14989	34.8183	2.88038e+06	1038.5	0	0	0	0
0.0345691	5.97391	37.411	2.87888e+06	1068.53	0	0	0	0
0.0350701	5.80656	40.0077	2.87739e+06	1098.76	0	0	0	0
0.0355711	5.64732	42.6074	2.87592e+06	1129.17	0	0	0	0
0.0360721	5.49575	45.2093	2.87447e+06	1159.72	0	0	0	0
0.0365731	5.35141	47.8133	2.87303e+06	1190.41	0	0	0	0
0.0370741	5.21391	50.4192	2.87161e+06	1221.19	0	0	0	0
0.0375752	5.08289	53.027	2.8702e+06	1252.06	0	0	0	0
0.0380762	4.95801	55.6365	2.86881e+06	1282.97	0	0	0	0
0.0385772	4.83899	58.2478	2.86744e+06	1313.9	0	0	0	0
0.0390782	4.72553	60.8609	2.86608e+06	1344.81	0	0	0	0
0.0395792	4.61741	63.4757	2.86473e+06	1375.65	0	0	0	0
0.0400802	4.51439	66.0924	2.8634e+06	1406.39	0	0	0	0
0.0405812	4.41628	68.7108	2.86208e+06	1436.97	0	0	0	0
0.0410822	4.3229	71.331	2.86077e+06	1467.34	0	0	0	0
0.0415832	4.23412	73.9529	2.85947e+06	1497.43	0	0	0	0
0.0420842	4.1498	76.5767	2.85819e+06	1527.17	0	0	0	0
0.0425852	4.06986	79.2022	2.85691e+06	1556.47	0	0	0	0
0.0430862	3.99422	81.8296	2.85565e+06	1585.24	0	0	0	0
0.0435872	3.92283	84.4587	2.85439e+06	1613.38	0	0	0	0
0.0440882	3.85568	87.0897	2.85315e+06	1640.77	0	0	0	0
0.0445892	3.79279	89.7224	2.85192e+06	1667.25	0	0	0	0
0.0450902	3.73422	92.357	2.8507e+06	1692.68	0	0	0	0
0.0455912	3.68004	94.9933	2.84949e+06	1716.87	0	0	0	0
0.0460922	3.6304	97.6314	2.84829e+06	1739.61	0	0	0	0
0.0465932	3.58547	100.271	2.8471e+06	1760.68	0	0	0	0
0.0470942	3.54549	102.912	2.84593e+06	1779.8	0	0	0	0
0.0475952	3.51075	105.553	2.84476e+06	1796.67	0	0	0	0
0.0480962	3.48161	108.188	2.84358e+06	1810.96	0	0	0	0
0.0485972	3.45845	110.802	2.84233e+06	1822.29	0	0	0	0
0.0490982	3.44166	113.343	2.84085e+06	1830.22	0	0	0	0
0.0495992	3.43131	115.639	2.83853e+06	1834.24	0	0	0	0
0.0501002	3.42628	117.12	2.8334e+06	1833.62	0	0	0	0
0.0506012	3.42423	117.721	2.83132e+06	1833.37	0	0	0	0
0.0511022	3.4234	117.966	2.83048e+06	1833.27	0	0	0	0
0.0516032	3.42307	118.065	2.83014e+06	1833.22	0	0	0	0
0.0521042	3.42293	118.106	2.83e+06	1833.21	0	0	0	0
0.0526052	3.42287	118.122	2.82994e+06	1833.2	0	0	0	0
0.0531062	3.42285	118.129	2.82992e+06	1833.2	0	0	0	0
0.0536072	3.42284	118.131	2.82991e+06	1833.2	0	0	0	0
0.0541082	3.42284	118.132	2.8299e+06	1833.19	0	0	0	0
0.0546092	3.42284	118.133	2.8299e+06	1833.19	0	0	0	0
0.0551102	3.42284	118.133	2.8299e+06	1833.19	0	0	0	0
0.0556112	3.42284	118.133	2.8299e+06	1833.19	0	0	0	0
0.0561122	3.42284	118.133	2.8299e+06	1833.19	0	0	0	0
0.0566132	3.42284	118.133	2.8299e+06	1833.19	0	0	0	0
0.0571142	3.42284	118.133	2.8299e+06	1833.19	0	0	0	0
0.0576152	3.42284	118.133	2.8299e+06	1833.19	0	0	0	0
0.0581162	3.42284	118.133	2.8299e+06	1833.19	0	0	0	0
0.0586172	3.42284	118.133	2.8299e+06	1833.19	0	0	0	0
0.0591182	3.42284	118.133	2.8299e+06	1833.19	0	0	0	0
0.0596192	3.42284	118.133	2.8299e+06	1833.19	0	0	0	0
0.0601202	3.42284	118.133	2.8299e+06	1833.19	0	0	0	0
0.0606212	3.42284	118.133	2.8299e+06	1833.19	0	0	0	0
0.0611222	3.42284	118.133	2.8299e+06	1833.19	0	0	0	0
0.0616232	3.42284	118.133	2.8299e+06	1833.19	0	0	0	0
0.0621242	3.42284	118.133	2.8299e+06	1833.19	0	0	0	0
0.0626253	3.42284	118.134	2.8299e+06	1833.19	0	0	0	0
0.0631263	3.42284	118.134	2.8299e+06	1833.19	0	0	0	0
0.0636273	3.42285	118.134	2.8299e+06	1833.19	0	0	0	0
0.0641283	3.42285	118.134	2.8299e+06	1833.19	0	0	0	0
0.0646293	3.42285	118.134	2.8299e+06	1833.19	0	0	0	0
0.0651303	3.42285	118.134	2.8299e+06	1833.19	0	0	0	0
0.0656313	3.42285	118.134	2.8299e+06	1833.19	0	0	0	0
0.0661323	3.42285	118.134	2.8299e+06	1833.19	0	0	0	0
0.0666333	3.42285	118.134	2.8299e+06	1833.19	0	0	0	0
0.0671343	3.42285	118.134	2.8299e+06	1833.19	0	0	0	0
0.0676353	3.42285	118.134	2.8299e+06	1833.19	0	0	0	0
0.0681363	3.42285	118.134	2.8299e+06	1833.19	0	0	0	0
0.0686373	3.42285	118.134	2.8299e+06	1833.19	0	0	0	0
0.0691383	3.42285	118.134	2.8299e+06	1833.19	0	0	0	0
0.0696393	3.42285	118.134	2.8299e+06	1833.19	0	0	0	0
0.0701403	3.42285	118.134	2.8299e+06	1833.19	0	0	0	0
0.0706413	3.42285	118.134	2.8299e+06	1833.19	0	0	0	0
0.0711423	3.42285	118.134	2.8299e+06	1833.19	0	0	0	0
0.0716433	3.42285	118.134	2.8299e+06	1833.19	0	0	0	0
0.0721443	3.42285	118.134	2.8299e+06	1833.19	0	0	0	0
0.0726453	3.42285	118.134	2.8299e+06	1833.19	0	0	0	0
0.0731463	3.42285	118.134	2.8299e+06	1833.19	0	0	0	0
0.0736473	3.42285	118.134	2.8299e+06	1833.18	0	0	0	0
0.0741483	3.42285	118.134	2.8299e+06	1833.18	0	0	0	0
0.0746493	3.42286	118.134	2.8299e+06	1833.18	0	0	0	0
0.0751503	3.42286	118.134	2.8299e+06	1833.18	0	0	0	0
0.0756513	3.42286	118.134	2.8299e+06	1833.18	0	0	0	0
0.0761523	3.42286	118.134	2.8299e+06	1833.18	0	0	0	0
0.0766533	3.42286	118.134	2.8299e+06	1833.18	0	0	0	0
0.0771543	3.42286	118.134	2.8299e+06	1833.18	0	0	0	0
0.0776553	3.42286	118.134	2.8299e+06	1833.18	0	0	0	0
0.0781563	3.42286	118.134	2.8299e+06	1833.18	0	0	0	0
0.0786573	3.42286	118.134	2.8299e+06	1833.18	0	0	0	0
0.0791583	3.42286	118.134	2.8299e+06	1833.18	0	0	0	0
0.0796593	3.42286	118.134	2.8299e+06	1833.18	0	0	0	0
0.0801603	3.42286	118.134	2.8299e+06	1833.18	0	0	0	0
0.0806613	3.42286	118.134	2.8299e+06	1833.18	0	0	0	0
0.0811623	3.42286	118.134	2.8299e+06	1833.18	0	0	0	0
0.0816633	3.42286	118.134	2.8299e+06	1833.18	0	0	0	0
0.0821643	3.42286	118.134	2.8299e+06	1833.18	0	0	0	0
0.0826653	3.42286	118.134	2.8299e+06	1833.18	0	0	0	0
0.0831663	3.42286	118.134	2.8299e+06	1833.18	0	0	0	0
0.0836673	3.42286	118.134	2.8299e+06	1833.18	0	0	0	0
0.0841683	3.42286	118.134	2.8299e+06	1833.18	0	0	0	0
0.0846693	3.42286	118.134	2.8299e+06	1833.18	0	0	0	0
0.0851703	3.42286	118.134	2.8299e+06	1833.18	0	0	0	0
0.0856713	3.42287	118.134	2.8299e+06	1833.18	0	0	0	0
0.0861723	3.42287	118.134	2.8299e+06	1833.18	0	0	0	0
0.0866733	3.42287	118.134	2.8299e+06	1833.18	0	0	0	0
0.0871743	3.42287	118.134	2.8299e+06	1833.18	0	0	0	0
0.0876754	3.42287	118.134	2.8299e+06	1833.18	0	0	0	0
0.0881764	3.42287	118.134	2.8299e+06	1833.18	0	0	0	0
0.0886774	3.42287	118.134	2.8299e+06	1833.18	0	0	0	0
0.0891784	3.42287	118.134	2.8299e+06	1833.18	0	0	0	0
0.0896794	3.42287	118.134	2.8299e+06	1833.18	0	0	0	0
0.0901804	3.42287	118.134	2.8299e+06	1833.18	0	0	0	0
0.0906814	3.42287	118.134	2.8299e+06	1833.18	0	0	0	0
0.0911824	3.42287	118.134	2.8299e+06	1833.18	0	0	0	0
0.0916834	3.42287	118.134	2.8299e+06	1833.18	0	0	0	0
0.0921844	3.42287	118.134	2.8299e+06	1833.18	0	0	0	0
0.0926854	3.42287	118.134	2.8299e+06	1833.17	0	0	0	0
0.0931864	3.42287	118.134	2.8299e+06	1833.17	0	0	0	0
0.0936874	3.42287	118.135	2.8299e+06	1833.17	0	0	0	0
0.0941884	3.42287	118.135	2.8299e+06	1833.17	0	0	0	0
0.0946894	3.42287	118.135	2.8299e+06	1833.17	0	0	0	0
0.0951904	3.42287	118.135	2.8299e+06	1833.17	0	0	0	0
0.0956914	3.42288	118.135	2.8299e+06	1833.17	0	0	0	0
0.0961924	3.42288	118.135	2.8299e+06	1833.17	0	0	0	0
0.0966934	3.42288	118.135	2.8299e+06	1833.17	0	0	0	0
0.0971944	3.42288	118.135	2.8299e+06	1833.17	0	0	0	0
0.0976954	3.42288	118.135	2.8299e+06	1833.17	0	0	0	0
0.0981964	3.42288	118.135	2.8299e+06	1833.17	0	0	0	0
0.0986974	3.42288	118.135	2.8299e+06	1833.17	0	0	0	0
0.0991984	3.42288	118.135	2.8299e+06	1833.17	0	0	0	0
0.0996994	3.42288	118.135	2.8299e+06	1833.17	0	0	0	0
0.1002	3.42288	118.135	2.8299e+06	1833.17	0	0	0	0
0.100701	3.42288	118.135	2.8299e+06	1833.17	0	0	0	0
0.101202	3.42288	118.135	2.8299e+06	1833.17	0	0	0	0
0.101703	3.42288	118.135	2.8299e+06	1833.17	0	0	0	0
0.102204	3.42288	118.135	2.8299e+06	1833.17	0	0	0	0
0.102705	3.42288	118.135	2.8299e+06	1833.17	0	0	0	0
0.103206	3.42288	118.135	2.8299e+06	1833.17	0	0	0	0
0.103707	3.42288	118.135	2.8299e+06	1833.17	0	0	0	0
0.104208	3.42288	118.135	2.8299e+06	1833.17	0	0	0	0
0.104709	3.42288	118.135	2.8299e+06	1833.17	0	0	0	0
0.10521	3.42288	118.135	2.8299e+06	1833.17	0	0	0	0
0.105711	3.42289	118.135	2.8299e+06	1833.17	0	0	0	0
0.106212	3.42289	118.135	2.8299e+06	1833.17	0	0	0	0
0.106713	3.42289	118.135	2.8299e+06	1833.17	0	0	0	0
0.107214	3.42289	118.135	2.8299e+06	1833.17	0	0	0	0
0.107715	3.42289	118.135	2.8299e+06	1833.17	0	0	0	0
0.108216	3.42289	118.135	2.8299e+06	1833.17	0	0	0	0
0.108717	3.42289	118.135	2.8299e+06	1833.17	0	0	0	0
0.109218	3.42289	118.135	2.8299e+06	1833.17	0	0	0	0
0.109719	3.42289	118.135	2.8299e+06	1833.17	0	0	0	0
0.11022	3.42289	118.135	2.8299e+06	1833.17	0	0	0	0
0.110721	3.42289	118.135	2.8299e+06	1833.16	0	0	0	0
0.111222	3.42289	118.135	2.8299e+06	1833.16	0	0	0	0
0.111723	3.42289	118.135	2.8299e+06	1833.16	0	0	0	0
0.112224	3.42289	118.135	2.8299e+06	1833.16	0	0	0	0
0.112725	3.42289	118.135	2.8299e+06	1833.16	0	0	0	0
0.113226	3.42289	118.135	2.8299e+06	1833.16	0	0	0	0
0.113727	3.42289	118.135	2.8299e+06	1833.16	0	0	0	0
0.114228	3.42289	118.135	2.8299e+06	1833.16	0	0	0	0
0.114729	3.42289	118.135	2.8299e+06	1833.16	0	0	0	0
0.11523	3.42289	118.135	2.8299e+06	1833.16	0	0	0	0
0.115731	3.4229	118.135	2.8299e+06	1833.16	0	0	0	0
0.116232	3.4229	118.135	2.8299e+06	1833.16	0	0	0	0
0.116733	3.4229	118.135	2.8299e+06	1833.16	0	0	0	0
0.117234	3.4229	118.135	2.8299e+06	1833.16	0	0	0	0
0.117735	3.4229	118.135	2.8299e+06	1833.16	0	0	0	0
0.118236	3.4229	118.135	2.8299e+06	1833.16	0	0	0	0
0.118737	3.4229	118.135	2.8299e+06	1833.16	0	0	0	0
0.119238	3.4229	118.135	2.8299e+06	1833.16	0	0	0	0
0.119739	3.4229	118.135	2.8299e+06	1833.16	0	0	0	0
0.12024	3.4229	118.135	2.8299e+06	1833.16	0	0	0	0
0.120741	3.4229	118.135	2.8299e+06	1833.16	0	0	0	0
0.121242	3.4229	118.135	2.8299e+06	1833.16	0	0	0	0
0.121743	3.4229	118.135	2.8299e+06	1833.16	0	0	0	0
0.122244	3.4229	118.135	2.8299e+06	1833.16	0	0	0	0
0.122745	3.4229	118.135	2.8299e+06	1833.16	0	0	0	0
0.123246	3.4229	118.135	2.8299e+06	1833.16	0	0	0	0
0.123747	3.4229	118.135	2.8299e+06	1833.16	0	0	0	0
0.124248	3.4229	118.135	2.8299e+06	1833.16	0	0	0	0
0.124749	3.42291	118.136	2.8299e+06	1833.16	0	0	0	0
0.125251	3.42291	118.136	2.8299e+06	1833.16	0	0	0	0
0.125752	3.42291	118.136	2.8299e+06	1833.16	0	0	0	0
0.126253	3.42291	118.136	2.8299e+06	1833.16	0	0	0	0
0.126754	3.42291	118.136	2.8299e+06	1833.16	0	0	0	0
0.127255	3.42291	118.136	2.8299e+06	1833.16	0	0	0	0
0.127756	3.42291	118.136	2.8299e+06	1833.16	0	0	0	0
0.128257	3.42291	118.136	2.8299e+06	1833.15	0	0	0	0
0.128758	3.42291	118.136	2.8299e+06	1833.15	0	0	0	0
0.129259	3.42291	118.136	2.8299e+06	1833.15	0	0	0	0
0.12976	3.42291	118.136	2.8299e+06	1833.15	0	0	0	0
0.130261	3.42291	118.136	2.8299e+06	1833.15	0	0	0	0
0.130762	3.42291	118.136	2.8299e+06	1833.15	0	0	0	0
0.131263	3.42291	118.136	2.8299e+06	1833.15	0	0	0	0
0.131764	3.42291	118.136	2.8299e+06	1833.15	0	0	0	0
0.132265	3.42291	118.136	2.8299e+06	1833.15	0	0	0	0
0.132766	3.42291	118.136	2.8299e+06	1833.15	0	0	0	0
0.133267	3.42291	118.136	2.8299e+06	1833.15	0	0	0	0
0.133768	3.42291	118.136	2.8299e+06	1833.15	0	0	0	0
0.134269	3.42292	118.136	2.8299e+06	1833.15	0	0	0	0
0.13477	3.42292	118.136	2.8299e+06	1833.15	0	0	0	0
0.135271	3.42292	118.136	2.8299e+06	1833.15	0	0	0	0
0.135772	3.42292	118.136	2.8299e+06	1833.15	0	0	0	0
0.136273	3.42292	118.136	2.8299e+06	1833.15	0	0	0	0
0.136774	3.42292	118.136	2.8299e+06	1833.15	0	0	0	0
0.137275	3.42292	118.136	2.8299e+06	1833.15	0	0	0	0
0.137776	3.42292	118.136	2.8299e+06	1833.15	0	0	0	0
0.138277	3.42292	118.136	2.8299e+06	1833.15	0	0	0	0
0.138778	3.42292	118.136	2.8299e+06	1833.15	0	0	0	0
0.139279	3.42292	118.136	2.8299e+06	1833.15	0	0	0	0
0.13978	3.42292	118.136	2.8299e+06	1833.15	0	0	0	0
0.140281	3.42292	118.136	2.8299e+06	1833.15	0	0	0	0
0.140782	3.42292	118.136	2.8299e+06	1833.15	0	0	0	0
0.141283	3.42292	118.136	2.8299e+06	1833.15	0	0	0	0
0.141784	3.42292	118.136	2.8299e+06	1833.15	0	0	0	0
0.142285	3.42292	118.136	2.8299e+06	1833.15	0	0	0	0
0.142786	3.42292	118.136	2.8299e+06	1833.15	0	0	0	0
0.143287	3.42292	118.136	2.8299e+06	1833.15	0	0	0	0
0.143788	3.42292	118.136	2.8299e+06	1833.15	0	0	0	0
0.144289	3.42292	118.136	2.8299e+06	1833.15	0	0	0	0
0.14479	3.42292	118.136	2.8299e+06	1833.15	0	0	0	0
0.145291	3.42292	118.136	2.8299e+06	1833.15	0	0	0	0
0.145792	3.42292	118.136	2.8299e+06	1833.15	0	0	0	0
0.146293	3.42292	118.136	2.8299e+06	1833.15	0	0	0	0
0.146794	3.42292	118.136	2.8299e+06	1833.15	0	0	0	0
0.147295	3.42292	118.136	2.8299e+06	1833.15	0	0	0	0
0.147796	3.42292	118.136	2.8299e+06	1833.15	0	0	0	0
0.148297	3.42292	118.137	2.8299e+06	1833.15	0	0	0	0
0.148798	3.42292	118.138	2.8299e+06	1833.15	0	0	0	0
0.149299	3.42293	118.141	2.82992e+06	1833.15	0	0	0	0
0.1498	3.42297	118.152	2.82995e+06	1833.16	0	0	0	0
0.150301	3.42305	118.183	2.83004e+06	1833.17	0	0	0	0
0.150802	3.42317	118.249	2.83017e+06	1833.19	0	0	0	0
0.151303	3.4233	118.361	2.8303e+06	1833.21	0	0	0	0
0.151804	3.42342	118.524	2.83043e+06	1833.22	0	0	0	0
0.152305	3.42352	118.741	2.83053e+06	1833.24	0	0	0	0
0.152806	3.4236	119.012	2.83061e+06	1833.25	0	0	0	0
0.153307	3.42365	119.337	2.83067e+06	1833.26	0	0	0	0
0.153808	3.42368	119.716	2.83071e+06	1833.26	0	0	0	0
0.154309	3.42369	120.148	2.83072e+06	1833.27	0	0	0	0
0.15481	3.42367	120.634	2.8307e+06	1833.27	0	0	0	0
0.155311	3.42362	121.174	2.83066e+06	1833.27	0	0	0	0
0.155812	3.42355	121.767	2.8306e+06	1833.27	0	0	0	0
0.156313	3.42346	122.415	2.83051e+06	1833.26	0	0	0	0
0.156814	3.42334	123.117	2.8304e+06	1833.25	0	0	0	0
0.157315	3.42319	123.874	2.83026e+06	1833.24	0	0	0	0
0.157816	3.42302	124.686	2.8301e+06	1833.22	0	0	0	0
0.158317	3.42283	125.555	2.82991e+06	1833.21	0	0	0	0
0.158818	3.4226	126.48	2.82969e+06	1833.19	0	0	0	0
0.159319	3.42235	127.464	2.82945e+06	1833.16	0	0	0	0
0.15982	3.42207	128.506	2.82918e+06	1833.14	0	0	0	0
0.160321	3.42175	129.609	2.82887e+06	1833.11	0	0	0	0
0.160822	3.42141	130.773	2.82854e+06	1833.08	0	0	0	0
0.161323	3.42103	132	2.82817e+06	1833.04	0	0	0	0
0.161824	3.42063	133.291	2.82778e+06	1833	0	0	0	0
0.162325	3.42018	134.647	2.82735e+06	1832.96	0	0	0	0
0.162826	3.4197	136.072	2.82688e+06	1832.92	0	0	0	0
0.163327	3.41918	137.566	2.82637e+06	1832.87	0	0	0	0
0.163828	3.41862	139.131	2.82583e+06	1832.81	0	0	0	0
0.164329	3.41802	140.769	2.82524e+06	1832.75	0	0	0	0
0.16483	3.41738	142.484	2.82461e+06	1832.69	0	0	0	0
0.165331	3.41669	144.277	2.82394e+06	1832.63	0	0	0	0
0.165832	3.41595	146.151	2.82322e+06	1832.55	0	0	0	0
0.166333	3.41515	148.109	2.82244e+06	1832.48	0	0	0	0
0.166834	3.41431	150.153	2.82162e+06	1832.39	0	0	0	0
0.167335	3.4134	152.287	2.82073e+06	1832.31	0	0	0	0
0.167836	3.41243	154.514	2.81979e+06	1832.21	0	0	0	0
0.168337	3.4114	156.838	2.81878e+06	1832.11	0	0	0	0
0.168838	3.4103	159.262	2.8177e+06	1832	0	0	0	0
0.169339	3.40912	161.79	2.81655e+06	1831.89	0	0	0	0
0.16984	3.40787	164.427	2.81533e+06	1831.76	0	0	0	0
0.170341	3.40653	167.177	2.81402e+06	1831.63	0	0	0	0
0.170842	3.4051	170.045	2.81262e+06	1831.49	0	0	0	0
0.171343	3.40358	173.036	2.81113e+06	1831.34	0	0	0	0
0.171844	3.40195	176.154	2.80954e+06	1831.18	0	0	0	0
0.172345	3.40021	179.407	2.80784e+06	1831.01	0	0	0	0
0.172846	3.39836	182.798	2.80603e+06	1830.82	0	0	0	0
0.173347	3.39638	186.336	2.80409e+06	1830.62	0	0	0	0
0.173848	3.39427	190.026	2.80202e+06	1830.41	0	0	0	0
0.174349	3.39201	193.876	2.79981e+06	1830.19	0	0	0	0
0.17485	3.38959	197.893	2.79744e+06	1829.94	0	0	0	0
0.175351	3.38701	202.084	2.79491e+06	1829.68	0	0	0	0
0.175852	3.38424	206.459	2.79221e+06	1829.4	0	0	0	0
0.176353	3.38128	211.026	2.78931e+06	1829.1	0	0	0	0
0.176854	3.37811	215.794	2.7862e+06	1828.78	0	0	0	0
0.177355	3.37472	220.773	2.78288e+06	1828.43	0	0	0	0
0.177856	3.37108	225.974	2.77931e+06	1828.06	0	0	0	0
0.178357	3.36718	231.407	2.77548e+06	1827.66	0	0	0	0
0.178858	3.36299	237.084	2.77137e+06	1827.23	0	0	0	0
0.179359	3.35849	243.017	2.76696e+06	1826.76	0	0	0	0
0.17986	3.35365	249.22	2.76222e+06	1826.26	0	0	0	0
0.180361	3.34846	255.705	2.75712e+06	1825.72	0	0	0	0
0.180862	3.34287	262.487	2.75164e+06	1825.14	0	0	0	0
0.181363	3.33686	269.582	2.74574e+06	1824.51	0	0	0	0
0.181864	3.33039	277.004	2.73939e+06	1823.82	0	0	0	0
0.182365	3.32341	284.771	2.73255e+06	1823.09	0	0	0	0
0.182866	3.3159	292.899	2.72517e+06	1822.29	0	0	0	0
0.183367	3.30779	301.408	2.71722e+06	1821.42	0	0	0	0
0.183868	3.29905	310.316	2.70864e+06	1820.48	0	0	0	0
0.184369	3.28961	319.642	2.69938e+06	1819.46	0	0	0	0
0.18487	3.27943	329.408	2.68939e+06	1818.36	0	0	0	0
0.185371	3.26842	339.635	2.6786e+06	1817.16	0	0	0	0
0.185872	3.25654	350.345	2.66694e+06	1815.85	0	0	0	0
0.186373	3.24369	361.56	2.65435e+06	1814.44	0	0	0	0
0.186874	3.22981	373.304	2.64074e+06	1812.89	0	0	0	0
0.187375	3.21481	385.601	2.62605e+06	1811.22	0	0	0	0
0.187876	3.1986	398.473	2.61017e+06	1809.39	0	0	0	0
0.188377	3.18108	411.946	2.59302e+06	1807.41	0	0	0	0
0.188878	3.16215	426.044	2.57451e+06	1805.24	0	0	0	0
0.189379	3.14171	440.79	2.55454e+06	1802.89	0	0	0	0
0.18988	3.11964	456.209	2.53299e+06	1800.33	0	0	0	0
0.190381	3.09583	472.323	2.50977e+06	1797.55	0	0	0	0
0.190882	3.07017	489.153	2.48477e+06	1794.52	0	0	0	0
0.191383	3.04253	506.719	2.45788e+06	1791.22	0	0	0	0
0.191884	3.0128	525.039	2.42899e+06	1787.64	0	0	0	0
0.192385	2.98085	544.128	2.39801e+06	1783.75	0	0	0	0
0.192886	2.94658	563.996	2.36483e+06	1779.53	0	0	0	0
0.193387	2.90989	584.653	2.32938e+06	1774.95	0	0	0	0
0.193888	2.87068	606.1	2.29158e+06	1770	0	0	0	0
0.194389	2.82888	628.334	2.25139e+06	1764.65	0	0	0	0
0.19489	2.78443	651.346	2.20876e+06	1758.88	0	0	0	0
0.195391	2.7373	675.119	2.1637e+06	1752.66	0	0	0	0
0.195892	2.68749	699.626	2.11622e+06	1745.97	0	0	0	0
0.196393	2.63503	724.833	2.06641e+06	1738.81	0	0	0	0
0.196894	2.58	750.69	2.01435e+06	1731.16	0	0	0	0
0.197395	2.52253	777.136	1.9602e+06	1723.01	0	0	0	0
0.197896	2.46279	804.094	1.90416e+06	1714.35	0	0	0	0
0.198397	2.40103	831.465	1.84651e+06	1705.2	0	0	0	0
0.198898	2.33757	859.126	1.78755e+06	1695.58	0	0	0	0
0.199399	2.27279	886.925	1.7277e+06	1685.51	0	0	0	0
0.1999	2.20731	914.711	1.66753e+06	1675.07	0	0	0	0
0.200401	2.14172	942.405	1.60762e+06	1664.34	0	0	0	0
0.200902	2.07624	970.032	1.54818e+06	1653.36	0	0	0	0
0.201403	2.01078	997.649	1.48914e+06	1642.08	0	0	0	0
0.201904	1.94528	1025.3	1.43046e+06	1630.49	0	0	0	0
0.202405	1.87969	1052.99	1.37212e+06	1618.56	0	0	0	0
0.202906	1.81415	1080.69	1.31423e+06	1606.29	0	0	0	0
0.203407	1.74886	1108.37	1.25701e+06	1593.7	0	0	0	0
0.203908	1.68397	1136.02	1.20057e+06	1580.8	0	0	0	0
0.204409	1.61962	1163.6	1.14506e+06	1567.61	0	0	0	0
0.20491	1.55598	1191.11	1.0906e+06	1554.13	0	0	0	0
0.205411	1.49309	1218.49	1.03726e+06	1540.37	0	0	0	0
0.205912	1.43122	1245.67	985235	1526.36	0	0	0	0
0.206413	1.37072	1272.58	934816	1512.18	0	0	0	0
0.206914	1.31166	1299.2	886056	1497.83	0	0	0	0
0.207415	1.25415	1325.47	839017	1483.36	0	0	0	0
0.207916	1.19843	1351.32	793880	1468.81	0	0	0	0
0.208417	1.14464	1376.71	750717	1454.23	0	0	0	0
0.208918	1.09283	1401.58	709556	1439.65	0	0	0	0
0.209419	1.04318	1425.87	670494	1425.14	0	0	0	0
0.20992	0.9957	1449.56	633505	1410.73	0	0	0	0
0.210421	0.950466	1472.6	598614	1396.48	0	0	0	0
0.210922	0.9075	1494.94	565798	1382.41	0	0	0	0
0.211423	0.866807	1516.56	535020	1368.58	0	0	0	0
0.211924	0.828388	1537.43	506244	1355.03	0	0	0	0
0.212425	0.792198	1557.53	479396	1341.79	0	0	0	0
0.212926	0.758197	1576.84	454409	1328.89	0	0	0	0
0.213427	0.726315	1595.36	431195	1316.35	0	0	0	0
0.213928	0.696481	1613.09	409669	1304.21	0	0	0	0
0.214429	0.668606	1630.03	389733	1292.47	0	0	0	0
0.21493	0.642602	1646.19	371295	1281.15	0	0	0	0
0.215431	0.618367	1661.59	354255	1270.26	0	0	0	0
0.215932	0.595802	1676.23	338517	1259.8	0	0	0	0
0.216433	0.574807	1690.15	323989	1249.77	0	0	0	0
0.216934	0.555277	1703.36	310576	1240.17	0	0	0	0
0.217435	0.537118	1715.9	298196	1230.99	0	0	0	0
0.217936	0.520233	1727.78	286766	1222.23	0	0	0	0
0.218437	0.504522	1739.05	276201	1213.86	0	0	0	0
0.218938	0.48991	1749.73	266440	1205.89	0	0	0	0
0.219439	0.476313	1759.85	257413	1198.29	0	0	0	0
0.21994	0.463641	1769.44	249050	1191.04	0	0	0	0
0.220441	0.451828	1778.52	241298	1184.14	0	0	0	0
0.220942	0.440817	1787.13	234112	1177.58	0	0	0	0
0.221443	0.43054	1795.29	227441	1171.33	0	0	0	0
0.221944	0.420933	1803.03	221236	1165.38	0	0	0	0
0.222445	0.411944	1810.38	215458	1159.7	0	0	0	0
0.222946	0.403526	1817.35	210072	1154.3	0	0	0	0
0.223447	0.395638	1823.97	205047	1149.16	0	0	0	0
0.223948	0.388239	1830.25	200353	1144.25	0	0	0	0
0.224449	0.381294	1836.22	195966	1139.58	0	0	0	0
0.22495	0.374771	1841.9	191861	1135.13	0	0	0	0
0.225451	0.368633	1847.3	188013	1130.88	0	0	0	0
0.225952	0.362852	1852.44	184401	1126.83	0	0	0	0
0.226453	0.357404	1857.33	181009	1122.96	0	0	0	0
0.226954	0.352267	1861.99	177821	1119.27	0	0	0	0
0.227455	0.347421	1866.42	174823	1115.75	0	0	0	0
0.227956	0.342842	1870.65	171998	1112.38	0	0	0	0
0.228457	0.338511	1874.69	169335	1109.17	0	0	0	0
0.228958	0.334411	1878.54	166820	1106.09	0	0	0	0
0.229459	0.330526	1882.22	164444	1103.15	0	0	0	0
0.22996	0.326842	1885.73	162196	1100.34	0	0	0	0
0.230461	0.323345	1889.09	160067	1097.64	0	0	0	0
0.230962	0.320031	1892.29	158055	1095.06	0	0	0	0
0.231463	0.316892	1895.35	156153	1092.6	0	0	0	0
0.231964	0.313909	1898.28	154349	1090.24	0	0	0	0
0.232465	0.311068	1901.08	152635	1087.98	0	0	0	0
0.232966	0.308361	1903.76	151005	1085.81	0	0	0	0
0.233467	0.305795	1906.32	149462	1083.74	0	0	0	0
0.233968	0.303359	1908.77	148001	1081.76	0	0	0	0
0.234469	0.301032	1911.11	146608	1079.86	0	0	0	0
0.23497	0.298813	1913.36	145281	1078.03	0	0	0	0
0.235471	0.296706	1915.5	144023	1076.29	0	0	0	0
0.235972	0.294701	1917.56	142828	1074.62	0	0	0	0
0.236473	0.29278	1919.53	141685	1073.01	0	0	0	0
0.236974	0.290956	1921.4	140601	1071.48	0	0	0	0
0.237475	0.289224	1923.2	139573	1070.02	0	0	0	0
0.237976	0.287561	1924.93	138587	1068.6	0	0	0	0
0.238477	0.285982	1926.57	137653	1067.26	0	0	0	0
0.238978	0.284483	1928.14	136766	1065.97	0	0	0	0
0.239479	0.283045	1929.65	135917	1064.74	0	0	0	0
0.23998	0.28168	1931.09	135112	1063.56	0	0	0	0
0.240481	0.28038	1932.46	134346	1062.43	0	0	0	0
0.240982	0.279139	1933.77	133615	1061.35	0	0	0	0
0.241483	0.277961	1935.03	132923	1060.32	0	0	0	0
0.241984	0.276835	1936.22	132261	1059.33	0	0	0	0
0.242485	0.275767	1937.36	131634	1058.4	0	0	0	0
0.242986	0.274752	1938.45	131038	1057.5	0	0	0	0
0.243487	0.273787	1939.48	130473	1056.65	0	0	0	0
0.243988	0.272873	1940.46	129937	1055.84	0	0	0	0
0.244489	0.272002	1941.4	129428	1055.06	0	0	0	0
0.24499	0.271178	1942.29	128946	1054.33	0	0	0	0
0.245491	0.270396	1943.13	128489	1053.63	0	0	0	0
0.245992	0.269658	1943.93	128058	1052.97	0	0	0	0
0.246493	0.268958	1944.68	127649	1052.34	0	0	0	0
0.246994	0.2683	1945.39	127265	1051.75	0	0	0	0
0.247495	0.267678	1946.06	126903	1051.19	0	0	0	0
0.247996	0.267096	1946.69	126563	1050.66	0	0	0	0
0.248497	0.266551	1947.27	126246	1050.17	0	0	0	0
0.248998	0.266053	1947.79	125956	1049.72	0	0	0	0
0.249499	0.265619	1948.14	125703	1049.33	0	0	0	0
0.25	0.265414	1948.25	125584	1049.14	0	0	0	0
