x[m]	rho[kg/m3]	u[m/s]	p[Pa]	T[K]	P_r[m]	P_u[m/s]	P_T[K]	P_N[-]
0	20.6002	12.8875	2.99255e+06	322.102	0.000102771	10.0151	300.028	7400
0.000501002	20.4631	12.8944	2.99254e+06	324.259	9.58305e-05	10.0616	300.117	15670
0.001002	20.3243	12.9015	2.99254e+06	326.473	8.31051e-05	10.1259	300.241	16038
0.00150301	20.1837	12.9087	2.99254e+06	328.747	6.18114e-05	10.201	300.374	15631
0.00200401	20.0413	12.916	2.99253e+06	331.082	4.12119e-05	10.2601	300.482	4587
0.00250501	19.8971	12.9233	2.99252e+06	333.481	0	0	0	0
0.00300601	19.7511	12.9307	2.99252e+06	335.946	0	0	0	0
0.00350701	19.6031	12.938	2.99251e+06	338.481	0	0	0	0
0.00400802	19.4533	12.9454	2.99251e+06	341.087	0	0	0	0
0.00450902	19.3016	12.9528	2.9925e+06	343.767	0	0	0	0
0.00501002	19.1479	12.9602	2.99249e+06	346.526	0	0	0	0
0.00551102	18.9923	12.9677	2.99249e+06	349.365	0	0	0	0
0.00601202	18.8346	12.9751	2.99248e+06	352.288	0	0	0	0
0.00651303	18.675	12.9825	2.99248e+06	355.3	0	0	0	0
0.00701403	18.5132	12.9899	2.99247e+06	358.402	0	0	0	0
0.00751503	18.3495	12.9973	2.99246e+06	361.6	0	0	0	0
0.00801603	18.1836	13.0048	2.99246e+06	364.898	0	0	0	0
0.00851703	18.0156	13.0122	2.99245e+06	368.3	0	0	0	0
0.00901804	17.8454	13.0196	2.99245e+06	371.811	0	0	0	0
0.00951904	17.6731	13.027	2.99244e+06	375.436	0	0	0	0
0.01002	17.4985	13.0344	2.99243e+06	379.181	0	0	0	0
0.010521	17.3217	13.0418	2.99243e+06	383.05	0	0	0	0
0.011022	17.1427	13.0492	2.99242e+06	387.05	0	0	0	0
0.011523	16.9613	13.0567	2.99242e+06	391.188	0	0	0	0
0.012024	16.7776	13.0641	2.99241e+06	395.47	0	0	0	0
0.0125251	16.5916	13.0715	2.9924e+06	399.904	0	0	0	0
0.0130261	16.4031	13.0789	2.9924e+06	404.497	0	0	0	0
0.0135271	16.2123	13.0863	2.99239e+06	409.259	0	0	0	0
0.0140281	16.019	13.0937	2.99239e+06	414.197	0	0	0	0
0.0145291	15.8231	13.1011	2.99238e+06	419.322	0	0	0	0
0.0150301	15.6248	13.1085	2.99237e+06	424.643	0	0	0	0
0.0155311	15.4239	13.1159	2.99237e+06	430.173	0	0	0	0
0.0160321	15.2205	13.1233	2.99236e+06	435.922	0	0	0	0
0.0165331	15.0144	13.1307	2.99236e+06	441.905	0	0	0	0
0.0170341	14.8057	13.1381	2.99235e+06	448.134	0	0	0	0
0.0175351	14.5942	13.1456	2.99234e+06	454.626	0	0	0	0
0.0180361	14.3801	13.153	2.99234e+06	461.395	0	0	0	0
0.0185371	14.1632	13.1604	2.99233e+06	468.461	0	0	0	0
0.0190381	13.9434	13.1678	2.99233e+06	475.842	0	0	0	0
0.0195391	13.7209	13.1752	2.99232e+06	483.559	0	0	0	0
0.0200401	13.4955	13.1826	2.99231e+06	491.635	0	0	0	0
0.0205411	13.2671	13.19	2.99231e+06	500.095	0	0	0	0
0.0210421	13.0358	13.1974	2.9923e+06	508.967	0	0	0	0
0.0215431	12.8016	13.2048	2.9923e+06	518.28	0	0	0	0
0.0220441	12.5643	13.2122	2.99229e+06	528.068	0	0	0	0
0.0225451	12.3239	13.2197	2.99229e+06	538.367	0	0	0	0
0.0230461	12.0804	13.2272	2.99228e+06	549.216	0	0	0	0
0.0235471	11.8338	13.2348	2.99228e+06	560.662	0	0	0	0
0.0240481	11.584	13.2427	2.99227e+06	572.752	0	0	0	0
0.0245491	11.331	13.2509	2.99227e+06	585.542	0	0	0	0
0.0250501	11.0746	13.2598	2.99228e+06	599.095	0	0	0	0
0.0255511	10.815	13.2699	2.99229e+06	613.478	0	0	0	0
0.0260521	10.5521	13.2825	2.99231e+06	628.769	0	0	0	0
0.0265531	10.2858	13.2997	2.99237e+06	645.058	0	0	0	0
0.0270541	10.0163	13.3258	2.99247e+06	662.442	0	0	0	0
0.0275551	9.74343	13.3692	2.99268e+06	681.038	0	0	0	0
0.0280561	9.46753	13.4466	2.99307e+06	700.978	0	0	0	0
0.0285571	9.18896	13.5918	2.99385e+06	722.415	0	0	0	0
0.0290581	8.90851	13.8737	2.99537e+06	745.537	0	0	0	0
0.0295591	8.62782	14.4345	2.9984e+06	770.57	0	0	0	0
0.0300601	8.35016	15.5732	3.00449e+06	797.811	0	0	0	0
0.0305611	8.07989	17.3252	3.00698e+06	825.179	0	0	0	0
0.0310621	7.82007	19.4166	3.00752e+06	852.748	0	0	0	0
0.0315631	7.57192	21.6944	3.00703e+06	880.552	0	0	0	0
0.0320641	7.33567	24.0737	3.00601e+06	908.603	0	0	0	0
0.0325651	7.11105	26.5081	3.00472e+06	936.901	0	0	0	0
0.0330661	6.8976	28.9725	3.0033e+06	965.439	0	0	0	0
0.0335671	6.69475	31.4533	3.00183e+06	994.205	0	0	0	0
0.0340681	6.50191	33.9434	3.00035e+06	1023.19	0	0	0	0
0.0345691	6.31852	36.4392	2.99887e+06	1052.36	0	0	0	0
0.0350701	6.14403	38.9385	2.99739e+06	1081.72	0	0	0	0
0.0355711	5.97793	41.4404	2.99594e+06	1111.23	0	0	0	0
0.0360721	5.81975	43.9445	2.9945e+06	1140.89	0	0	0	0
0.0365731	5.66905	46.4504	2.99307e+06	1170.66	0	0	0	0
0.0370741	5.52544	48.958	2.99167e+06	1200.52	0	0	0	0
0.0375752	5.38855	51.4674	2.99028e+06	1230.45	0	0	0	0
0.0380762	5.25803	53.9783	2.9889e+06	1260.41	0	0	0	0
0.0385772	5.13359	56.4909	2.98754e+06	1290.37	0	0	0	0
0.0390782	5.01494	59.0052	2.98619e+06	1320.31	0	0	0	0
0.0395792	4.90183	61.521	2.98486e+06	1350.17	0	0	0	0
0.0400802	4.79404	64.0385	2.98353e+06	1379.92	0	0	0	0
0.0405812	4.69137	66.5577	2.98222e+06	1409.5	0	0	0	0
0.0410822	4.59364	69.0784	2.98093e+06	1438.86	0	0	0	0
0.0415832	4.5007	71.6008	2.97964e+06	1467.94	0	0	0	0
0.0420842	4.41243	74.1249	2.97836e+06	1496.66	0	0	0	0
0.0425852	4.32873	76.6506	2.9771e+06	1524.95	0	0	0	0
0.0430862	4.24954	79.1779	2.97585e+06	1552.72	0	0	0	0
0.0435872	4.1748	81.7069	2.9746e+06	1579.85	0	0	0	0
0.0440882	4.10451	84.2376	2.97337e+06	1606.24	0	0	0	0
0.0445892	4.0387	86.7699	2.97215e+06	1631.75	0	0	0	0
0.0450902	3.9774	89.3039	2.97094e+06	1656.22	0	0	0	0
0.0455912	3.92073	91.8395	2.96973e+06	1679.48	0	0	0	0
0.0460922	3.86883	94.3767	2.96855e+06	1701.33	0	0	0	0
0.0465932	3.82187	96.9154	2.96737e+06	1721.55	0	0	0	0
0.0470942	3.78011	99.4552	2.9662e+06	1739.88	0	0	0	0
0.0475952	3.74384	101.995	2.96504e+06	1756.05	0	0	0	0
0.0480962	3.71345	104.529	2.96387e+06	1769.72	0	0	0	0
0.0485972	3.68933	107.044	2.96263e+06	1780.55	0	0	0	0
0.0490982	3.67188	109.489	2.96115e+06	1788.12	0	0	0	0
0.0495992	3.66117	111.698	2.95883e+06	1791.94	0	0	0	0
0.0501002	3.656	113.122	2.95365e+06	1791.33	0	0	0	0
0.0506012	3.65395	113.699	2.95157e+06	1791.08	0	0	0	0
0.0511022	3.65315	113.936	2.95073e+06	1790.96	0	0	0	0
0.0516032	3.65284	114.036	2.95039e+06	1790.9	0	0	0	0
0.0521042	3.65274	114.081	2.95025e+06	1790.87	0	0	0	0
0.0526052	3.65272	114.103	2.95019e+06	1790.84	0	0	0	0
0.0531062	3.65273	114.117	2.95016e+06	1790.82	0	0	0	0
0.0536072	3.65275	114.127	2.95014e+06	1790.8	0	0	0	0
0.0541082	3.65278	114.136	2.95013e+06	1790.78	0	0	0	0
0.0546092	3.65281	114.144	2.95013e+06	1790.76	0	0	0	0
0.0551102	3.65284	114.152	2.95012e+06	1790.74	0	0	0	0
0.0556112	3.65287	114.16	2.95011e+06	1790.72	0	0	0	0
0.0561122	3.6529	114.167	2.9501e+06	1790.7	0	0	0	0
0.0566132	3.65293	114.175	2.9501e+06	1790.68	0	0	0	0
0.0571142	3.65296	114.183	2.95009e+06	1790.66	0	0	0	0
0.0576152	3.65299	114.191	2.95008e+06	1790.64	0	0	0	0
0.0581162	3.65302	114.198	2.95008e+06	1790.63	0	0	0	0
0.0586172	3.65305	114.206	2.95007e+06	1790.61	0	0	0	0
0.0591182	3.65308	114.214	2.95006e+06	1790.59	0	0	0	0
0.0596192	3.65311	114.222	2.95006e+06	1790.57	0	0	0	0
0.0601202	3.65313	114.229	2.95005e+06	1790.55	0	0	0	0
0.0606212	3.65316	114.237	2.95004e+06	1790.54	0	0	0	0
0.0611222	3.65319	114.245	2.95004e+06	1790.52	0	0	0	0
0.0616232	3.65322	114.252	2.95003e+06	1790.5	0	0	0	0
0.0621242	3.65324	114.26	2.95002e+06	1790.48	0	0	0	0
0.0626253	3.65327	114.268	2.95002e+06	1790.47	0	0	0	0
0.0631263	3.6533	114.276	2.95001e+06	1790.45	0	0	0	0
0.0636273	3.65332	114.283	2.95e+06	1790.43	0	0	0	0
0.0641283	3.65335	114.291	2.95e+06	1790.42	0	0	0	0
0.0646293	3.65338	114.299	2.94999e+06	1790.4	0	0	0	0
0.0651303	3.6534	114.306	2.94998e+06	1790.38	0	0	0	0
0.0656313	3.65343	114.314	2.94998e+06	1790.36	0	0	0	0
0.0661323	3.65346	114.322	2.94997e+06	1790.35	0	0	0	0
0.0666333	3.65348	114.33	2.94996e+06	1790.33	0	0	0	0
0.0671343	3.65351	114.337	2.94996e+06	1790.31	0	0	0	0
0.0676353	3.65354	114.345	2.94995e+06	1790.3	0	0	0	0
0.0681363	3.65356	114.353	2.94995e+06	1790.28	0	0	0	0
0.0686373	3.65359	114.36	2.94994e+06	1790.26	0	0	0	0
0.0691383	3.65362	114.368	2.94993e+06	1790.24	0	0	0	0
0.0696393	3.65364	114.376	2.94993e+06	1790.23	0	0	0	0
0.0701403	3.65367	114.384	2.94992e+06	1790.21	0	0	0	0
0.0706413	3.6537	114.391	2.94991e+06	1790.19	0	0	0	0
0.0711423	3.65373	114.399	2.94991e+06	1790.18	0	0	0	0
0.0716433	3.65375	114.407	2.9499e+06	1790.16	0	0	0	0
0.0721443	3.65378	114.414	2.94989e+06	1790.14	0	0	0	0
0.0726453	3.65381	114.422	2.94989e+06	1790.12	0	0	0	0
0.0731463	3.65384	114.43	2.94988e+06	1790.11	0	0	0	0
0.0736473	3.65387	114.437	2.94987e+06	1790.09	0	0	0	0
0.0741483	3.65389	114.445	2.94987e+06	1790.07	0	0	0	0
0.0746493	3.65392	114.453	2.94986e+06	1790.05	0	0	0	0
0.0751503	3.65395	114.461	2.94985e+06	1790.03	0	0	0	0
0.0756513	3.65398	114.468	2.94985e+06	1790.01	0	0	0	0
0.0761523	3.65401	114.476	2.94984e+06	1790	0	0	0	0
0.0766533	3.65404	114.484	2.94983e+06	1789.98	0	0	0	0
0.0771543	3.65407	114.491	2.94983e+06	1789.96	0	0	0	0
0.0776553	3.65411	114.499	2.94982e+06	1789.94	0	0	0	0
0.0781563	3.65414	114.507	2.94981e+06	1789.92	0	0	0	0
0.0786573	3.65417	114.514	2.94981e+06	1789.9	0	0	0	0
0.0791583	3.6542	114.522	2.9498e+06	1789.88	0	0	0	0
0.0796593	3.65424	114.53	2.94979e+06	1789.86	0	0	0	0
0.0801603	3.65427	114.538	2.94979e+06	1789.84	0	0	0	0
0.0806613	3.6543	114.545	2.94978e+06	1789.82	0	0	0	0
0.0811623	3.65434	114.553	2.94977e+06	1789.8	0	0	0	0
0.0816633	3.65438	114.561	2.94977e+06	1789.77	0	0	0	0
0.0821643	3.65441	114.568	2.94976e+06	1789.75	0	0	0	0
0.0826653	3.65445	114.576	2.94976e+06	1789.73	0	0	0	0
0.0831663	3.65449	114.584	2.94975e+06	1789.71	0	0	0	0
0.0836673	3.65452	114.591	2.94974e+06	1789.69	0	0	0	0
0.0841683	3.65456	114.599	2.94974e+06	1789.66	0	0	0	0
0.0846693	3.6546	114.607	2.94973e+06	1789.64	0	0	0	0
0.0851703	3.65464	114.614	2.94972e+06	1789.62	0	0	0	0
0.0856713	3.65468	114.622	2.94972e+06	1789.59	0	0	0	0
0.0861723	3.65473	114.63	2.94971e+06	1789.57	0	0	0	0
0.0866733	3.65477	114.637	2.9497e+06	1789.54	0	0	0	0
0.0871743	3.65481	114.645	2.9497e+06	1789.52	0	0	0	0
0.0876754	3.65486	114.653	2.94969e+06	1789.49	0	0	0	0
0.0881764	3.6549	114.661	2.94968e+06	1789.46	0	0	0	0
0.0886774	3.65495	114.668	2.94968e+06	1789.44	0	0	0	0
0.0891784	3.655	114.676	2.94967e+06	1789.41	0	0	0	0
0.0896794	3.65505	114.684	2.94966e+06	1789.38	0	0	0	0
0.0901804	3.65509	114.691	2.94966e+06	1789.35	0	0	0	0
0.0906814	3.65515	114.699	2.94965e+06	1789.33	0	0	0	0
0.0911824	3.6552	114.707	2.94965e+06	1789.3	0	0	0	0
0.0916834	3.65525	114.714	2.94964e+06	1789.27	0	0	0	0
0.0921844	3.6553	114.722	2.94963e+06	1789.24	0	0	0	0
0.0926854	3.65536	114.73	2.94963e+06	1789.21	0	0	0	0
0.0931864	3.65541	114.737	2.94962e+06	1789.17	0	0	0	0
0.0936874	3.65547	114.745	2.94961e+06	1789.14	0	0	0	0
0.0941884	3.65553	114.753	2.94961e+06	1789.11	0	0	0	0
0.0946894	3.65559	114.76	2.9496e+06	1789.08	0	0	0	0
0.0951904	3.65565	114.768	2.94959e+06	1789.04	0	0	0	0
0.0956914	3.65571	114.776	2.94959e+06	1789.01	0	0	0	0
0.0961924	3.65578	114.783	2.94958e+06	1788.97	0	0	0	0
0.0966934	3.65584	114.791	2.94957e+06	1788.94	0	0	0	0
0.0971944	3.65591	114.799	2.94957e+06	1788.9	0	0	0	0
0.0976954	3.65598	114.806	2.94956e+06	1788.86	0	0	0	0
0.0981964	3.65605	114.814	2.94955e+06	1788.83	0	0	0	0
0.0986974	3.65612	114.822	2.94955e+06	1788.79	0	0	0	0
0.0991984	3.65619	114.829	2.94954e+06	1788.75	0	0	0	0
0.0996994	3.65626	114.837	2.94954e+06	1788.71	0	0	0	0
0.1002	3.65634	114.845	2.94953e+06	1788.67	0	0	0	0
0.100701	3.65642	114.852	2.94952e+06	1788.63	0	0	0	0
0.101202	3.6565	114.86	2.94952e+06	1788.58	0	0	0	0
0.101703	3.65658	114.868	2.94951e+06	1788.54	0	0	0	0
0.102204	3.65666	114.875	2.9495e+06	1788.5	0	0	0	0
0.102705	3.65674	114.883	2.9495e+06	1788.45	0	0	0	0
0.103206	3.65683	114.891	2.94949e+06	1788.41	0	0	0	0
0.103707	3.65691	114.898	2.94948e+06	1788.36	0	0	0	0
0.104208	3.657	114.906	2.94948e+06	1788.31	0	0	0	0
0.104709	3.65709	114.914	2.94947e+06	1788.26	0	0	0	0
0.10521	3.65719	114.921	2.94947e+06	1788.21	0	0	0	0
0.105711	3.65728	114.929	2.94946e+06	1788.16	0	0	0	0
0.106212	3.65738	114.937	2.94945e+06	1788.11	0	0	0	0
0.106713	3.65748	114.944	2.94945e+06	1788.06	0	0	0	0
0.107214	3.65758	114.952	2.94944e+06	1788.01	0	0	0	0
0.107715	3.65768	114.96	2.94943e+06	1787.95	0	0	0	0
0.108216	3.65778	114.967	2.94943e+06	1787.9	0	0	0	0
0.108717	3.65789	114.975	2.94942e+06	1787.84	0	0	0	0
0.109218	3.658	114.982	2.94941e+06	1787.79	0	0	0	0
0.109719	3.65811	114.99	2.94941e+06	1787.73	0	0	0	0
0.11022	3.65822	114.998	2.9494e+06	1787.67	0	0	0	0
0.110721	3.65833	115.005	2.94939e+06	1787.61	0	0	0	0
0.111222	3.65845	115.013	2.94939e+06	1787.55	0	0	0	0
0.111723	3.65857	115.021	2.94938e+06	1787.49	0	0	0	0
0.112224	3.65869	115.028	2.94938e+06	1787.43	0	0	0	0
0.112725	3.65881	115.036	2.94937e+06	1787.36	0	0	0	0
0.113226	3.65894	115.044	2.94936e+06	1787.3	0	0	0	0
0.113727	3.65907	115.051	2.94936e+06	1787.23	0	0	0	0
0.114228	3.6592	115.059	2.94935e+06	1787.16	0	0	0	0
0.114729	3.65933	115.067	2.94934e+06	1787.09	0	0	0	0
0.11523	3.65946	115.074	2.94934e+06	1787.02	0	0	0	0
0.115731	3.6596	115.082	2.94933e+06	1786.95	0	0	0	0
0.116232	3.65974	115.089	2.94932e+06	1786.88	0	0	0	0
0.116733	3.65988	115.097	2.94932e+06	1786.81	0	0	0	0
0.117234	3.66003	115.105	2.94931e+06	1786.73	0	0	0	0
0.117735	3.66017	115.112	2.94931e+06	1786.66	0	0	0	0
0.118236	3.66032	115.12	2.9493e+06	1786.58	0	0	0	0
0.118737	3.66047	115.128	2.94929e+06	1786.5	0	0	0	0
0.119238	3.66063	115.135	2.94929e+06	1786.43	0	0	0	0
0.119739	3.66078	115.143	2.94928e+06	1786.35	0	0	0	0
0.12024	3.66094	115.151	2.94927e+06	1786.26	0	0	0	0
0.120741	3.66111	115.158	2.94927e+06	1786.18	0	0	0	0
0.121242	3.66127	115.166	2.94926e+06	1786.1	0	0	0	0
0.121743	3.66144	115.173	2.94925e+06	1786.01	0	0	0	0
0.122244	3.66161	115.181	2.94925e+06	1785.92	0	0	0	0
0.122745	3.66178	115.189	2.94924e+06	1785.84	0	0	0	0
0.123246	3.66195	115.196	2.94924e+06	1785.75	0	0	0	0
0.123747	3.66213	115.204	2.94923e+06	1785.66	0	0	0	0
0.124248	3.66231	115.212	2.94922e+06	1785.56	0	0	0	0
0.124749	3.6625	115.219	2.94922e+06	1785.47	0	0	0	0
0.125251	3.66268	115.227	2.94921e+06	1785.38	0	0	0	0
0.125752	3.66287	115.234	2.9492e+06	1785.28	0	0	0	0
0.126253	3.66306	115.242	2.9492e+06	1785.18	0	0	0	0
0.126754	3.66326	115.25	2.94919e+06	1785.09	0	0	0	0
0.127255	3.66346	115.257	2.94919e+06	1784.99	0	0	0	0
0.127756	3.66366	115.265	2.94918e+06	1784.88	0	0	0	0
0.128257	3.66386	115.273	2.94917e+06	1784.78	0	0	0	0
0.128758	3.66407	115.28	2.94917e+06	1784.68	0	0	0	0
0.129259	3.66427	115.288	2.94916e+06	1784.57	0	0	0	0
0.12976	3.66449	115.295	2.94915e+06	1784.46	0	0	0	0
0.130261	3.6647	115.303	2.94915e+06	1784.36	0	0	0	0
0.130762	3.66492	115.311	2.94914e+06	1784.25	0	0	0	0
0.131263	3.66514	115.318	2.94913e+06	1784.13	0	0	0	0
0.131764	3.66536	115.326	2.94913e+06	1784.02	0	0	0	0
0.132265	3.66559	115.334	2.94912e+06	1783.91	0	0	0	0
0.132766	3.66582	115.341	2.94912e+06	1783.79	0	0	0	0
0.133267	3.66605	115.349	2.94911e+06	1783.68	0	0	0	0
0.133768	3.66629	115.356	2.9491e+06	1783.56	0	0	0	0
0.134269	3.66653	115.364	2.9491e+06	1783.44	0	0	0	0
0.13477	3.66677	115.372	2.94909e+06	1783.32	0	0	0	0
0.135271	3.66701	115.379	2.94908e+06	1783.19	0	0	0	0
0.135772	3.66726	115.387	2.94908e+06	1783.07	0	0	0	0
0.136273	3.66751	115.394	2.94907e+06	1782.94	0	0	0	0
0.136774	3.66777	115.402	2.94907e+06	1782.82	0	0	0	0
0.137275	3.66802	115.41	2.94906e+06	1782.69	0	0	0	0
0.137776	3.66828	115.417	2.94905e+06	1782.56	0	0	0	0
0.138277	3.66855	115.425	2.94905e+06	1782.42	0	0	0	0
0.138778	3.66881	115.432	2.94904e+06	1782.29	0	0	0	0
0.139279	3.66908	115.44	2.94903e+06	1782.16	0	0	0	0
0.13978	3.66935	115.448	2.94903e+06	1782.02	0	0	0	0
0.140281	3.66963	115.455	2.94902e+06	1781.88	0	0	0	0
0.140782	3.6699	115.463	2.94902e+06	1781.75	0	0	0	0
0.141283	3.67018	115.47	2.94901e+06	1781.61	0	0	0	0
0.141784	3.67047	115.478	2.949e+06	1781.46	0	0	0	0
0.142285	3.67075	115.486	2.949e+06	1781.32	0	0	0	0
0.142786	3.67104	115.493	2.94899e+06	1781.18	0	0	0	0
0.143287	3.67133	115.501	2.94898e+06	1781.03	0	0	0	0
0.143788	3.67163	115.508	2.94898e+06	1780.89	0	0	0	0
0.144289	3.67193	115.516	2.94897e+06	1780.74	0	0	0	0
0.14479	3.67222	115.524	2.94896e+06	1780.59	0	0	0	0
0.145291	3.67253	115.531	2.94896e+06	1780.44	0	0	0	0
0.145792	3.67283	115.539	2.94895e+06	1780.29	0	0	0	0
0.146293	3.67314	115.546	2.94895e+06	1780.14	0	0	0	0
0.146794	3.67344	115.554	2.94894e+06	1779.98	0	0	0	0
0.147295	3.67375	115.562	2.94893e+06	1779.83	0	0	0	0
0.147796	3.67406	115.569	2.94893e+06	1779.68	0	0	0	0
0.148297	3.67438	115.577	2.94892e+06	1779.52	0	0	0	0
0.148798	3.6747	115.586	2.94892e+06	1779.36	0	0	0	0
0.149299	3.67502	115.597	2.94893e+06	1779.21	0	0	0	0
0.1498	3.67538	115.615	2.94896e+06	1779.06	0	0	0	0
0.150301	3.67579	115.653	2.94904e+06	1778.91	0	0	0	0
0.150802	3.67623	115.725	2.94917e+06	1778.77	0	0	0	0
0.151303	3.67669	115.842	2.9493e+06	1778.63	0	0	0	0
0.151804	3.67714	116.009	2.94942e+06	1778.49	0	0	0	0
0.152305	3.67757	116.23	2.94952e+06	1778.34	0	0	0	0
0.152806	3.67797	116.502	2.9496e+06	1778.19	0	0	0	0
0.153307	3.67834	116.828	2.94966e+06	1778.05	0	0	0	0
0.153808	3.6787	117.207	2.94969e+06	1777.89	0	0	0	0
0.154309	3.67902	117.638	2.94969e+06	1777.74	0	0	0	0
0.15481	3.67932	118.121	2.94967e+06	1777.58	0	0	0	0
0.155311	3.67959	118.657	2.94963e+06	1777.43	0	0	0	0
0.155812	3.67983	119.246	2.94956e+06	1777.27	0	0	0	0
0.156313	3.68005	119.887	2.94946e+06	1777.1	0	0	0	0
0.156814	3.68024	120.582	2.94934e+06	1776.94	0	0	0	0
0.157315	3.6804	121.331	2.94919e+06	1776.77	0	0	0	0
0.157816	3.68053	122.135	2.94902e+06	1776.6	0	0	0	0
0.158317	3.68063	122.993	2.94882e+06	1776.43	0	0	0	0
0.158818	3.6807	123.907	2.94859e+06	1776.26	0	0	0	0
0.159319	3.68074	124.878	2.94833e+06	1776.09	0	0	0	0
0.15982	3.68075	125.907	2.94804e+06	1775.91	0	0	0	0
0.160321	3.68072	126.995	2.94772e+06	1775.73	0	0	0	0
0.160822	3.68066	128.143	2.94737e+06	1775.55	0	0	0	0
0.161323	3.68056	129.353	2.94699e+06	1775.37	0	0	0	0
0.161824	3.68042	130.625	2.94657e+06	1775.18	0	0	0	0
0.162325	3.68024	131.963	2.94612e+06	1775	0	0	0	0
0.162826	3.68003	133.366	2.94563e+06	1774.81	0	0	0	0
0.163327	3.67976	134.838	2.9451e+06	1774.61	0	0	0	0
0.163828	3.67946	136.379	2.94453e+06	1774.42	0	0	0	0
0.164329	3.6791	137.993	2.94392e+06	1774.22	0	0	0	0
0.16483	3.6787	139.681	2.94327e+06	1774.02	0	0	0	0
0.165331	3.67824	141.447	2.94256e+06	1773.82	0	0	0	0
0.165832	3.67772	143.291	2.94181e+06	1773.61	0	0	0	0
0.166333	3.67715	145.218	2.941e+06	1773.4	0	0	0	0
0.166834	3.67652	147.23	2.94014e+06	1773.19	0	0	0	0
0.167335	3.67582	149.33	2.93922e+06	1772.97	0	0	0	0
0.167836	3.67505	151.521	2.93823e+06	1772.75	0	0	0	0
0.168337	3.6742	153.807	2.93718e+06	1772.52	0	0	0	0
0.168838	3.67328	156.192	2.93606e+06	1772.29	0	0	0	0
0.169339	3.67228	158.679	2.93486e+06	1772.05	0	0	0	0
0.16984	3.67119	161.273	2.93358e+06	1771.8	0	0	0	0
0.170341	3.67	163.978	2.93222e+06	1771.55	0	0	0	0
0.170842	3.66871	166.798	2.93077e+06	1771.29	0	0	0	0
0.171343	3.66732	169.739	2.92921e+06	1771.03	0	0	0	0
0.171844	3.66581	172.805	2.92756e+06	1770.75	0	0	0	0
0.172345	3.66419	176.003	2.92579e+06	1770.47	0	0	0	0
0.172846	3.66243	179.338	2.9239e+06	1770.18	0	0	0	0
0.173347	3.66053	182.816	2.92188e+06	1769.87	0	0	0	0
0.173848	3.65848	186.444	2.91973e+06	1769.56	0	0	0	0
0.174349	3.65627	190.229	2.91742e+06	1769.23	0	0	0	0
0.17485	3.65389	194.177	2.91496e+06	1768.89	0	0	0	0
0.175351	3.65133	198.297	2.91233e+06	1768.53	0	0	0	0
0.175852	3.64856	202.597	2.90951e+06	1768.16	0	0	0	0
0.176353	3.64559	207.086	2.90649e+06	1767.77	0	0	0	0
0.176854	3.64238	211.772	2.90326e+06	1767.35	0	0	0	0
0.177355	3.63892	216.666	2.89979e+06	1766.92	0	0	0	0
0.177856	3.6352	221.777	2.89608e+06	1766.47	0	0	0	0
0.178357	3.63118	227.117	2.89209e+06	1765.99	0	0	0	0
0.178858	3.62686	232.696	2.88781e+06	1765.48	0	0	0	0
0.179359	3.6222	238.527	2.88322e+06	1764.94	0	0	0	0
0.17986	3.61717	244.622	2.87828e+06	1764.37	0	0	0	0
0.180361	3.61175	250.995	2.87298e+06	1763.76	0	0	0	0
0.180862	3.6059	257.659	2.86727e+06	1763.11	0	0	0	0
0.181363	3.59958	264.63	2.86113e+06	1762.42	0	0	0	0
0.181864	3.59277	271.923	2.85451e+06	1761.68	0	0	0	0
0.182365	3.58541	279.555	2.84739e+06	1760.89	0	0	0	0
0.182866	3.57747	287.541	2.83971e+06	1760.04	0	0	0	0
0.183367	3.56888	295.901	2.83143e+06	1759.13	0	0	0	0
0.183868	3.5596	304.653	2.82249e+06	1758.15	0	0	0	0
0.184369	3.54957	313.816	2.81285e+06	1757.09	0	0	0	0
0.18487	3.53872	323.411	2.80244e+06	1755.96	0	0	0	0
0.185371	3.52699	333.459	2.7912e+06	1754.73	0	0	0	0
0.185872	3.51431	343.981	2.77907e+06	1753.41	0	0	0	0
0.186373	3.50058	354.999	2.76595e+06	1751.97	0	0	0	0
0.186874	3.48573	366.537	2.75178e+06	1750.43	0	0	0	0
0.187375	3.46967	378.617	2.73648e+06	1748.75	0	0	0	0
0.187876	3.4523	391.263	2.71994e+06	1746.93	0	0	0	0
0.188377	3.43351	404.499	2.70208e+06	1744.95	0	0	0	0
0.188878	3.41319	418.348	2.6828e+06	1742.81	0	0	0	0
0.189379	3.39124	432.834	2.66199e+06	1740.49	0	0	0	0
0.18988	3.36753	447.981	2.63955e+06	1737.97	0	0	0	0
0.190381	3.34194	463.81	2.61537e+06	1735.23	0	0	0	0
0.190882	3.31434	480.342	2.58932e+06	1732.26	0	0	0	0
0.191383	3.28461	497.598	2.56131e+06	1729.03	0	0	0	0
0.191884	3.2526	515.594	2.53122e+06	1725.53	0	0	0	0
0.192385	3.21821	534.345	2.49894e+06	1721.73	0	0	0	0
0.192886	3.1813	553.862	2.46438e+06	1717.62	0	0	0	0
0.193387	3.14178	574.152	2.42745e+06	1713.16	0	0	0	0
0.193888	3.09953	595.219	2.38807e+06	1708.34	0	0	0	0
0.194389	3.05448	617.059	2.3462e+06	1703.14	0	0	0	0
0.19489	3.00656	639.663	2.30179e+06	1697.53	0	0	0	0
0.195391	2.95575	663.014	2.25484e+06	1691.5	0	0	0	0
0.195892	2.90204	687.086	2.20538e+06	1685.02	0	0	0	0
0.196393	2.84546	711.844	2.15348e+06	1678.07	0	0	0	0
0.196894	2.78611	737.242	2.09924e+06	1670.66	0	0	0	0
0.197395	2.72411	763.218	2.04282e+06	1662.76	0	0	0	0
0.197896	2.65966	789.695	1.98444e+06	1654.38	0	0	0	0
0.198397	2.59303	816.578	1.92437e+06	1645.52	0	0	0	0
0.198898	2.52455	843.746	1.86294e+06	1636.21	0	0	0	0
0.199399	2.45465	871.05	1.80058e+06	1626.47	0	0	0	0
0.1999	2.38398	898.339	1.73788e+06	1616.37	0	0	0	0
0.200401	2.31319	925.538	1.67546e+06	1606	0	0	0	0
0.200902	2.24252	952.671	1.61352e+06	1595.37	0	0	0	0
0.201403	2.17187	979.794	1.55201e+06	1584.47	0	0	0	0
0.201904	2.10116	1006.95	1.49086e+06	1573.27	0	0	0	0
0.202405	2.03037	1034.14	1.43007e+06	1561.73	0	0	0	0
0.202906	1.95961	1061.35	1.36975e+06	1549.87	0	0	0	0
0.203407	1.88912	1088.53	1.31012e+06	1537.71	0	0	0	0
0.203908	1.81906	1115.68	1.25131e+06	1525.24	0	0	0	0
0.204409	1.74959	1142.77	1.19346e+06	1512.49	0	0	0	0
0.20491	1.68087	1169.78	1.13671e+06	1499.47	0	0	0	0
0.205411	1.61297	1196.68	1.08112e+06	1486.18	0	0	0	0
0.205912	1.54616	1223.37	1.02691e+06	1472.65	0	0	0	0
0.206413	1.48083	1249.8	974362	1458.95	0	0	0	0
0.206914	1.41705	1275.94	923547	1445.1	0	0	0	0
0.207415	1.35495	1301.74	874526	1431.11	0	0	0	0
0.207916	1.29478	1327.12	827485	1417.06	0	0	0	0
0.208417	1.23668	1352.05	782501	1402.98	0	0	0	0
0.208918	1.18073	1376.47	739604	1388.9	0	0	0	0
0.209419	1.12711	1400.33	698894	1374.9	0	0	0	0
0.20992	1.07582	1423.59	660344	1360.98	0	0	0	0
0.210421	1.02697	1446.21	623980	1347.22	0	0	0	0
0.210922	0.980562	1468.14	589778	1333.64	0	0	0	0
0.211423	0.936608	1489.37	557701	1320.28	0	0	0	0
0.211924	0.895111	1509.86	527709	1307.2	0	0	0	0
0.212425	0.856021	1529.6	499727	1294.41	0	0	0	0
0.212926	0.819296	1548.56	473685	1281.95	0	0	0	0
0.213427	0.784858	1566.75	449490	1269.85	0	0	0	0
0.213928	0.752633	1584.15	427055	1258.13	0	0	0	0
0.214429	0.722523	1600.78	406277	1246.79	0	0	0	0
0.21493	0.694433	1616.65	387060	1235.86	0	0	0	0
0.215431	0.668255	1631.76	369299	1225.35	0	0	0	0
0.215932	0.643881	1646.13	352897	1215.25	0	0	0	0
0.216433	0.621203	1659.79	337755	1205.57	0	0	0	0
0.216934	0.600107	1672.76	323775	1196.3	0	0	0	0
0.217435	0.580492	1685.06	310872	1187.43	0	0	0	0
0.217936	0.562253	1696.73	298959	1178.97	0	0	0	0
0.218437	0.545283	1707.79	287948	1170.89	0	0	0	0
0.218938	0.5295	1718.27	277774	1163.19	0	0	0	0
0.219439	0.514813	1728.2	268366	1155.85	0	0	0	0
0.21994	0.501126	1737.61	259650	1148.85	0	0	0	0
0.220441	0.488366	1746.52	251571	1142.19	0	0	0	0
0.220942	0.476472	1754.97	244081	1135.85	0	0	0	0
0.221443	0.465373	1762.97	237129	1129.81	0	0	0	0
0.221944	0.454996	1770.56	230661	1124.06	0	0	0	0
0.222445	0.445288	1777.77	224639	1118.58	0	0	0	0
0.222946	0.436197	1784.61	219027	1113.37	0	0	0	0
0.223447	0.427677	1791.1	213789	1108.39	0	0	0	0
0.223948	0.419686	1797.26	208898	1103.66	0	0	0	0
0.224449	0.412186	1803.12	204326	1099.14	0	0	0	0
0.22495	0.405141	1808.68	200048	1094.84	0	0	0	0
0.225451	0.398513	1813.98	196037	1090.74	0	0	0	0
0.225952	0.39227	1819.01	192274	1086.82	0	0	0	0
0.226453	0.386387	1823.81	188739	1083.08	0	0	0	0
0.226954	0.380841	1828.37	185417	1079.52	0	0	0	0
0.227455	0.375608	1832.72	182292	1076.11	0	0	0	0
0.227956	0.370664	1836.86	179349	1072.86	0	0	0	0
0.228457	0.365988	1840.82	176574	1069.75	0	0	0	0
0.228958	0.361562	1844.59	173954	1066.78	0	0	0	0
0.229459	0.357368	1848.19	171477	1063.93	0	0	0	0
0.22996	0.35339	1851.64	169135	1061.21	0	0	0	0
0.230461	0.349616	1854.92	166917	1058.6	0	0	0	0
0.230962	0.346039	1858.06	164820	1056.11	0	0	0	0
0.231463	0.342651	1861.05	162839	1053.73	0	0	0	0
0.231964	0.339431	1863.92	160960	1051.45	0	0	0	0
0.232465	0.336365	1866.66	159174	1049.26	0	0	0	0
0.232966	0.333444	1869.28	157476	1047.16	0	0	0	0
0.233467	0.330674	1871.79	155869	1045.16	0	0	0	0
0.233968	0.328046	1874.18	154347	1043.24	0	0	0	0
0.234469	0.325536	1876.48	152895	1041.4	0	0	0	0
0.23497	0.323141	1878.67	151513	1039.63	0	0	0	0
0.235471	0.320869	1880.77	150203	1037.94	0	0	0	0
0.235972	0.318706	1882.77	148958	1036.33	0	0	0	0
0.236473	0.316634	1884.7	147767	1034.77	0	0	0	0
0.236974	0.314667	1886.53	146639	1033.29	0	0	0	0
0.237475	0.312799	1888.29	145568	1031.87	0	0	0	0
0.237976	0.311006	1889.97	144542	1030.5	0	0	0	0
0.238477	0.309305	1891.58	143569	1029.19	0	0	0	0
0.238978	0.307688	1893.11	142646	1027.95	0	0	0	0
0.239479	0.306139	1894.58	141762	1026.75	0	0	0	0
0.23998	0.304668	1895.98	140923	1025.61	0	0	0	0
0.240481	0.303266	1897.32	140126	1024.51	0	0	0	0
0.240982	0.30193	1898.6	139365	1023.46	0	0	0	0
0.241483	0.300661	1899.82	138645	1022.47	0	0	0	0
0.241984	0.299448	1900.99	137956	1021.51	0	0	0	0
0.242485	0.298299	1902.1	137304	1020.6	0	0	0	0
0.242986	0.297206	1903.15	136684	1019.73	0	0	0	0
0.243487	0.296167	1904.16	136095	1018.9	0	0	0	0
0.243988	0.295183	1905.11	135538	1018.11	0	0	0	0
0.244489	0.294246	1906.02	135008	1017.35	0	0	0	0
0.24499	0.293361	1906.88	134507	1016.64	0	0	0	0
0.245491	0.29252	1907.7	134032	1015.96	0	0	0	0
0.245992	0.291726	1908.47	133584	1015.32	0	0	0	0
0.246493	0.290975	1909.2	133159	1014.7	0	0	0	0
0.246994	0.290268	1909.89	132760	1014.13	0	0	0	0
0.247495	0.2896	1910.54	132384	1013.58	0	0	0	0
0.247996	0.288975	1911.15	132031	1013.07	0	0	0	0
0.248497	0.288391	1911.71	131701	1012.59	0	0	0	0
0.248998	0.287858	1912.21	131400	1012.14	0	0	0	0
0.249499	0.287392	1912.54	131138	1011.76	0	0	0	0
0.25	0.287175	1912.64	131014	1011.57	0	0	0	0
