x[m]	rho[kg/m3]	u[m/s]	p[Pa]	T[K]	P_r[m]	P_u[m/s]	P_T[K]	P_N[-]
0	20.1778	13.1528	2.93126e+06	322.11	0.000102974	10.018	300.028	7450
0.000501002	20.043	13.1556	2.93126e+06	324.276	9.57781e-05	10.0727	300.116	14800
0.001002	19.9065	13.1585	2.93126e+06	326.5	8.32171e-05	10.1494	300.241	14660
0.00150301	19.7682	13.1614	2.93125e+06	328.783	6.22742e-05	10.2373	300.374	14260
0.00200401	19.6282	13.1643	2.93125e+06	331.128	4.12373e-05	10.3075	300.482	4300
0.00250501	19.4864	13.1673	2.93125e+06	333.538	0	0	0	0
0.00300601	19.3428	13.1703	2.93125e+06	336.014	0	0	0	0
0.00350701	19.1973	13.1733	2.93125e+06	338.56	0	0	0	0
0.00400802	19.0499	13.1763	2.93124e+06	341.178	0	0	0	0
0.00450902	18.9007	13.1793	2.93124e+06	343.872	0	0	0	0
0.00501002	18.7496	13.1823	2.93124e+06	346.643	0	0	0	0
0.00551102	18.5965	13.1853	2.93124e+06	349.497	0	0	0	0
0.00601202	18.4415	13.1883	2.93123e+06	352.435	0	0	0	0
0.00651303	18.2844	13.1913	2.93123e+06	355.461	0	0	0	0
0.00701403	18.1254	13.1943	2.93123e+06	358.58	0	0	0	0
0.00751503	17.9643	13.1973	2.93123e+06	361.795	0	0	0	0
0.00801603	17.8012	13.2003	2.93122e+06	365.11	0	0	0	0
0.00851703	17.6359	13.2033	2.93122e+06	368.531	0	0	0	0
0.00901804	17.4685	13.2063	2.93122e+06	372.062	0	0	0	0
0.00951904	17.299	13.2094	2.93122e+06	375.707	0	0	0	0
0.01002	17.1273	13.2124	2.93121e+06	379.473	0	0	0	0
0.010521	16.9534	13.2154	2.93121e+06	383.365	0	0	0	0
0.011022	16.7773	13.2184	2.93121e+06	387.389	0	0	0	0
0.011523	16.5989	13.2214	2.93121e+06	391.552	0	0	0	0
0.012024	16.4182	13.2244	2.9312e+06	395.861	0	0	0	0
0.0125251	16.2352	13.2274	2.9312e+06	400.323	0	0	0	0
0.0130261	16.0499	13.2304	2.9312e+06	404.946	0	0	0	0
0.0135271	15.8621	13.2334	2.9312e+06	409.739	0	0	0	0
0.0140281	15.672	13.2364	2.93119e+06	414.71	0	0	0	0
0.0145291	15.4794	13.2394	2.93119e+06	419.87	0	0	0	0
0.0150301	15.2843	13.2424	2.93119e+06	425.228	0	0	0	0
0.0155311	15.0867	13.2455	2.93119e+06	430.797	0	0	0	0
0.0160321	14.8866	13.2485	2.93118e+06	436.588	0	0	0	0
0.0165331	14.6838	13.2515	2.93118e+06	442.615	0	0	0	0
0.0170341	14.4785	13.2545	2.93118e+06	448.892	0	0	0	0
0.0175351	14.2706	13.2575	2.93118e+06	455.433	0	0	0	0
0.0180361	14.0599	13.2605	2.93117e+06	462.255	0	0	0	0
0.0185371	13.8466	13.2635	2.93117e+06	469.378	0	0	0	0
0.0190381	13.6305	13.2665	2.93117e+06	476.819	0	0	0	0
0.0195391	13.4116	13.2695	2.93117e+06	484.6	0	0	0	0
0.0200401	13.1899	13.2725	2.93117e+06	492.746	0	0	0	0
0.0205411	12.9653	13.2756	2.93116e+06	501.28	0	0	0	0
0.0210421	12.7379	13.2786	2.93116e+06	510.23	0	0	0	0
0.0215431	12.5075	13.2816	2.93116e+06	519.628	0	0	0	0
0.0220441	12.2741	13.2847	2.93116e+06	529.507	0	0	0	0
0.0225451	12.0378	13.2878	2.93116e+06	539.904	0	0	0	0
0.0230461	11.7983	13.2909	2.93115e+06	550.86	0	0	0	0
0.0235471	11.5558	13.2942	2.93115e+06	562.419	0	0	0	0
0.0240481	11.3102	13.2977	2.93115e+06	574.634	0	0	0	0
0.0245491	11.0614	13.3015	2.93116e+06	587.559	0	0	0	0
0.0250501	10.8094	13.3061	2.93116e+06	601.257	0	0	0	0
0.0255511	10.5542	13.312	2.93118e+06	615.799	0	0	0	0
0.0260521	10.2958	13.3205	2.93121e+06	631.265	0	0	0	0
0.0265531	10.034	13.3337	2.93127e+06	647.744	0	0	0	0
0.0270541	9.76906	13.3561	2.93138e+06	665.338	0	0	0	0
0.0275551	9.50092	13.3964	2.93159e+06	684.165	0	0	0	0
0.0280561	9.22979	13.4717	2.93199e+06	704.359	0	0	0	0
0.0285571	8.95606	13.6165	2.93277e+06	726.08	0	0	0	0
0.0290581	8.68053	13.901	2.9343e+06	749.517	0	0	0	0
0.0295591	8.4048	14.4701	2.93733e+06	774.905	0	0	0	0
0.0300601	8.13211	15.627	2.9434e+06	802.545	0	0	0	0
0.0305611	7.86673	17.4081	2.94588e+06	830.318	0	0	0	0
0.0310621	7.61168	19.5358	2.94643e+06	858.298	0	0	0	0
0.0315631	7.36815	21.8544	2.94594e+06	886.52	0	0	0	0
0.0320641	7.13635	24.2774	2.94492e+06	914.998	0	0	0	0
0.0325651	6.91604	26.7573	2.94362e+06	943.73	0	0	0	0
0.0330661	6.70675	29.2681	2.9422e+06	972.711	0	0	0	0
0.0335671	6.50792	31.796	2.94073e+06	1001.93	0	0	0	0
0.0340681	6.31896	34.3336	2.93924e+06	1031.37	0	0	0	0
0.0345691	6.13931	36.8771	2.93775e+06	1061.01	0	0	0	0
0.0350701	5.96843	39.4243	2.93628e+06	1090.84	0	0	0	0
0.0355711	5.80581	41.9742	2.93481e+06	1120.83	0	0	0	0
0.0360721	5.65099	44.5264	2.93337e+06	1150.98	0	0	0	0
0.0365731	5.50353	47.0805	2.93194e+06	1181.24	0	0	0	0
0.0370741	5.36303	49.6364	2.93053e+06	1211.6	0	0	0	0
0.0375752	5.22914	52.194	2.92914e+06	1242.03	0	0	0	0
0.0380762	5.10151	54.7533	2.92776e+06	1272.51	0	0	0	0
0.0385772	4.97984	57.3144	2.92639e+06	1302.99	0	0	0	0
0.0390782	4.86386	59.8771	2.92504e+06	1333.44	0	0	0	0
0.0395792	4.75332	62.4416	2.92371e+06	1363.83	0	0	0	0
0.0400802	4.64798	65.0077	2.92238e+06	1394.11	0	0	0	0
0.0405812	4.54766	67.5756	2.92107e+06	1424.22	0	0	0	0
0.0410822	4.45218	70.1451	2.91977e+06	1454.12	0	0	0	0
0.0415832	4.36139	72.7163	2.91848e+06	1483.73	0	0	0	0
0.0420842	4.27517	75.2893	2.9172e+06	1512.99	0	0	0	0
0.0425852	4.19341	77.864	2.91593e+06	1541.82	0	0	0	0
0.0430862	4.11606	80.4404	2.91468e+06	1570.12	0	0	0	0
0.0435872	4.04307	83.0185	2.91343e+06	1597.78	0	0	0	0
0.0440882	3.97441	85.5983	2.9122e+06	1624.69	0	0	0	0
0.0445892	3.91013	88.1799	2.91097e+06	1650.71	0	0	0	0
0.0450902	3.85025	90.7631	2.90976e+06	1675.68	0	0	0	0
0.0455912	3.79489	93.3481	2.90856e+06	1699.42	0	0	0	0
0.0460922	3.74418	95.9348	2.90737e+06	1721.74	0	0	0	0
0.0465932	3.6983	98.523	2.90619e+06	1742.39	0	0	0	0
0.0470942	3.65749	101.112	2.90502e+06	1761.12	0	0	0	0
0.0475952	3.62205	103.701	2.90385e+06	1777.64	0	0	0	0
0.0480962	3.59235	106.286	2.90268e+06	1791.62	0	0	0	0
0.0485972	3.56878	108.849	2.90145e+06	1802.68	0	0	0	0
0.0490982	3.55173	111.342	2.89997e+06	1810.41	0	0	0	0
0.0495992	3.54129	113.594	2.89765e+06	1814.3	0	0	0	0
0.0501002	3.53628	115.046	2.89251e+06	1813.64	0	0	0	0
0.0506012	3.53433	115.633	2.89044e+06	1813.34	0	0	0	0
0.0511022	3.53361	115.871	2.8896e+06	1813.19	0	0	0	0
0.0516032	3.53338	115.969	2.88926e+06	1813.09	0	0	0	0
0.0521042	3.53335	116.011	2.88912e+06	1813.02	0	0	0	0
0.0526052	3.5334	116.029	2.88906e+06	1812.96	0	0	0	0
0.0531062	3.53349	116.039	2.88904e+06	1812.9	0	0	0	0
0.0536072	3.53359	116.044	2.88903e+06	1812.84	0	0	0	0
0.0541082	3.53369	116.049	2.88902e+06	1812.78	0	0	0	0
0.0546092	3.5338	116.052	2.88902e+06	1812.72	0	0	0	0
0.0551102	3.53391	116.055	2.88901e+06	1812.67	0	0	0	0
0.0556112	3.53402	116.059	2.88901e+06	1812.61	0	0	0	0
0.0561122	3.53413	116.062	2.88901e+06	1812.55	0	0	0	0
0.0566132	3.53425	116.065	2.88901e+06	1812.49	0	0	0	0
0.0571142	3.53436	116.068	2.889e+06	1812.43	0	0	0	0
0.0576152	3.53447	116.071	2.889e+06	1812.37	0	0	0	0
0.0581162	3.53459	116.074	2.889e+06	1812.31	0	0	0	0
0.0586172	3.5347	116.078	2.889e+06	1812.25	0	0	0	0
0.0591182	3.53481	116.081	2.88899e+06	1812.19	0	0	0	0
0.0596192	3.53493	116.084	2.88899e+06	1812.13	0	0	0	0
0.0601202	3.53505	116.087	2.88899e+06	1812.07	0	0	0	0
0.0606212	3.53516	116.09	2.88899e+06	1812	0	0	0	0
0.0611222	3.53528	116.093	2.88898e+06	1811.94	0	0	0	0
0.0616232	3.5354	116.096	2.88898e+06	1811.88	0	0	0	0
0.0621242	3.53552	116.1	2.88898e+06	1811.82	0	0	0	0
0.0626253	3.53564	116.103	2.88897e+06	1811.75	0	0	0	0
0.0631263	3.53576	116.106	2.88897e+06	1811.69	0	0	0	0
0.0636273	3.53588	116.109	2.88897e+06	1811.63	0	0	0	0
0.0641283	3.536	116.112	2.88897e+06	1811.56	0	0	0	0
0.0646293	3.53612	116.115	2.88896e+06	1811.5	0	0	0	0
0.0651303	3.53624	116.118	2.88896e+06	1811.44	0	0	0	0
0.0656313	3.53637	116.122	2.88896e+06	1811.37	0	0	0	0
0.0661323	3.53649	116.125	2.88896e+06	1811.31	0	0	0	0
0.0666333	3.53662	116.128	2.88895e+06	1811.24	0	0	0	0
0.0671343	3.53674	116.131	2.88895e+06	1811.17	0	0	0	0
0.0676353	3.53687	116.134	2.88895e+06	1811.11	0	0	0	0
0.0681363	3.53699	116.137	2.88895e+06	1811.04	0	0	0	0
0.0686373	3.53712	116.14	2.88894e+06	1810.98	0	0	0	0
0.0691383	3.53725	116.144	2.88894e+06	1810.91	0	0	0	0
0.0696393	3.53738	116.147	2.88894e+06	1810.84	0	0	0	0
0.0701403	3.5375	116.15	2.88894e+06	1810.77	0	0	0	0
0.0706413	3.53763	116.153	2.88893e+06	1810.71	0	0	0	0
0.0711423	3.53776	116.156	2.88893e+06	1810.64	0	0	0	0
0.0716433	3.53789	116.159	2.88893e+06	1810.57	0	0	0	0
0.0721443	3.53803	116.162	2.88892e+06	1810.5	0	0	0	0
0.0726453	3.53816	116.166	2.88892e+06	1810.43	0	0	0	0
0.0731463	3.53829	116.169	2.88892e+06	1810.36	0	0	0	0
0.0736473	3.53842	116.172	2.88892e+06	1810.29	0	0	0	0
0.0741483	3.53856	116.175	2.88891e+06	1810.22	0	0	0	0
0.0746493	3.53869	116.178	2.88891e+06	1810.15	0	0	0	0
0.0751503	3.53882	116.181	2.88891e+06	1810.08	0	0	0	0
0.0756513	3.53896	116.184	2.88891e+06	1810.01	0	0	0	0
0.0761523	3.5391	116.188	2.8889e+06	1809.94	0	0	0	0
0.0766533	3.53923	116.191	2.8889e+06	1809.87	0	0	0	0
0.0771543	3.53937	116.194	2.8889e+06	1809.8	0	0	0	0
0.0776553	3.53951	116.197	2.8889e+06	1809.72	0	0	0	0
0.0781563	3.53965	116.2	2.88889e+06	1809.65	0	0	0	0
0.0786573	3.53979	116.203	2.88889e+06	1809.58	0	0	0	0
0.0791583	3.53992	116.206	2.88889e+06	1809.51	0	0	0	0
0.0796593	3.54007	116.21	2.88889e+06	1809.43	0	0	0	0
0.0801603	3.54021	116.213	2.88888e+06	1809.36	0	0	0	0
0.0806613	3.54035	116.216	2.88888e+06	1809.29	0	0	0	0
0.0811623	3.54049	116.219	2.88888e+06	1809.21	0	0	0	0
0.0816633	3.54063	116.222	2.88888e+06	1809.14	0	0	0	0
0.0821643	3.54077	116.225	2.88887e+06	1809.06	0	0	0	0
0.0826653	3.54092	116.228	2.88887e+06	1808.99	0	0	0	0
0.0831663	3.54106	116.232	2.88887e+06	1808.91	0	0	0	0
0.0836673	3.54121	116.235	2.88887e+06	1808.84	0	0	0	0
0.0841683	3.54135	116.238	2.88886e+06	1808.76	0	0	0	0
0.0846693	3.5415	116.241	2.88886e+06	1808.68	0	0	0	0
0.0851703	3.54165	116.244	2.88886e+06	1808.61	0	0	0	0
0.0856713	3.54179	116.247	2.88885e+06	1808.53	0	0	0	0
0.0861723	3.54194	116.25	2.88885e+06	1808.45	0	0	0	0
0.0866733	3.54209	116.254	2.88885e+06	1808.38	0	0	0	0
0.0871743	3.54224	116.257	2.88885e+06	1808.3	0	0	0	0
0.0876754	3.54239	116.26	2.88884e+06	1808.22	0	0	0	0
0.0881764	3.54254	116.263	2.88884e+06	1808.14	0	0	0	0
0.0886774	3.54269	116.266	2.88884e+06	1808.07	0	0	0	0
0.0891784	3.54284	116.269	2.88884e+06	1807.99	0	0	0	0
0.0896794	3.54299	116.272	2.88883e+06	1807.91	0	0	0	0
0.0901804	3.54314	116.276	2.88883e+06	1807.83	0	0	0	0
0.0906814	3.54329	116.279	2.88883e+06	1807.75	0	0	0	0
0.0911824	3.54345	116.282	2.88883e+06	1807.67	0	0	0	0
0.0916834	3.5436	116.285	2.88882e+06	1807.59	0	0	0	0
0.0921844	3.54375	116.288	2.88882e+06	1807.51	0	0	0	0
0.0926854	3.54391	116.291	2.88882e+06	1807.43	0	0	0	0
0.0931864	3.54406	116.294	2.88882e+06	1807.35	0	0	0	0
0.0936874	3.54422	116.298	2.88881e+06	1807.27	0	0	0	0
0.0941884	3.54438	116.301	2.88881e+06	1807.19	0	0	0	0
0.0946894	3.54453	116.304	2.88881e+06	1807.1	0	0	0	0
0.0951904	3.54469	116.307	2.88881e+06	1807.02	0	0	0	0
0.0956914	3.54485	116.31	2.8888e+06	1806.94	0	0	0	0
0.0961924	3.545	116.313	2.8888e+06	1806.86	0	0	0	0
0.0966934	3.54516	116.316	2.8888e+06	1806.78	0	0	0	0
0.0971944	3.54532	116.32	2.8888e+06	1806.69	0	0	0	0
0.0976954	3.54548	116.323	2.88879e+06	1806.61	0	0	0	0
0.0981964	3.54564	116.326	2.88879e+06	1806.53	0	0	0	0
0.0986974	3.5458	116.329	2.88879e+06	1806.44	0	0	0	0
0.0991984	3.54596	116.332	2.88879e+06	1806.36	0	0	0	0
0.0996994	3.54612	116.335	2.88878e+06	1806.28	0	0	0	0
0.1002	3.54629	116.338	2.88878e+06	1806.19	0	0	0	0
0.100701	3.54645	116.342	2.88878e+06	1806.11	0	0	0	0
0.101202	3.54661	116.345	2.88878e+06	1806.03	0	0	0	0
0.101703	3.54677	116.348	2.88877e+06	1805.94	0	0	0	0
0.102204	3.54694	116.351	2.88877e+06	1805.86	0	0	0	0
0.102705	3.5471	116.354	2.88877e+06	1805.77	0	0	0	0
0.103206	3.54727	116.357	2.88877e+06	1805.69	0	0	0	0
0.103707	3.54743	116.36	2.88876e+06	1805.6	0	0	0	0
0.104208	3.5476	116.364	2.88876e+06	1805.51	0	0	0	0
0.104709	3.54776	116.367	2.88876e+06	1805.43	0	0	0	0
0.10521	3.54793	116.37	2.88876e+06	1805.34	0	0	0	0
0.105711	3.54809	116.373	2.88875e+06	1805.26	0	0	0	0
0.106212	3.54826	116.376	2.88875e+06	1805.17	0	0	0	0
0.106713	3.54843	116.379	2.88875e+06	1805.08	0	0	0	0
0.107214	3.54859	116.383	2.88875e+06	1805	0	0	0	0
0.107715	3.54876	116.386	2.88874e+06	1804.91	0	0	0	0
0.108216	3.54893	116.389	2.88874e+06	1804.82	0	0	0	0
0.108717	3.5491	116.392	2.88874e+06	1804.74	0	0	0	0
0.109218	3.54927	116.395	2.88874e+06	1804.65	0	0	0	0
0.109719	3.54944	116.398	2.88873e+06	1804.56	0	0	0	0
0.11022	3.54961	116.401	2.88873e+06	1804.47	0	0	0	0
0.110721	3.54978	116.405	2.88873e+06	1804.38	0	0	0	0
0.111222	3.54995	116.408	2.88873e+06	1804.3	0	0	0	0
0.111723	3.55012	116.411	2.88872e+06	1804.21	0	0	0	0
0.112224	3.55029	116.414	2.88872e+06	1804.12	0	0	0	0
0.112725	3.55046	116.417	2.88872e+06	1804.03	0	0	0	0
0.113226	3.55063	116.42	2.88872e+06	1803.94	0	0	0	0
0.113727	3.5508	116.423	2.88871e+06	1803.85	0	0	0	0
0.114228	3.55098	116.427	2.88871e+06	1803.76	0	0	0	0
0.114729	3.55115	116.43	2.88871e+06	1803.68	0	0	0	0
0.11523	3.55132	116.433	2.88871e+06	1803.59	0	0	0	0
0.115731	3.55149	116.436	2.8887e+06	1803.5	0	0	0	0
0.116232	3.55167	116.439	2.8887e+06	1803.41	0	0	0	0
0.116733	3.55184	116.442	2.8887e+06	1803.32	0	0	0	0
0.117234	3.55201	116.445	2.8887e+06	1803.23	0	0	0	0
0.117735	3.55219	116.449	2.88869e+06	1803.14	0	0	0	0
0.118236	3.55236	116.452	2.88869e+06	1803.05	0	0	0	0
0.118737	3.55254	116.455	2.88869e+06	1802.96	0	0	0	0
0.119238	3.55271	116.458	2.88869e+06	1802.87	0	0	0	0
0.119739	3.55289	116.461	2.88868e+06	1802.78	0	0	0	0
0.12024	3.55306	116.464	2.88868e+06	1802.69	0	0	0	0
0.120741	3.55324	116.467	2.88868e+06	1802.6	0	0	0	0
0.121242	3.55341	116.471	2.88868e+06	1802.5	0	0	0	0
0.121743	3.55359	116.474	2.88867e+06	1802.41	0	0	0	0
0.122244	3.55377	116.477	2.88867e+06	1802.32	0	0	0	0
0.122745	3.55394	116.48	2.88867e+06	1802.23	0	0	0	0
0.123246	3.55412	116.483	2.88867e+06	1802.14	0	0	0	0
0.123747	3.5543	116.486	2.88866e+06	1802.05	0	0	0	0
0.124248	3.55447	116.489	2.88866e+06	1801.96	0	0	0	0
0.124749	3.55465	116.493	2.88866e+06	1801.87	0	0	0	0
0.125251	3.55483	116.496	2.88866e+06	1801.78	0	0	0	0
0.125752	3.555	116.499	2.88865e+06	1801.69	0	0	0	0
0.126253	3.55518	116.502	2.88865e+06	1801.59	0	0	0	0
0.126754	3.55536	116.505	2.88865e+06	1801.5	0	0	0	0
0.127255	3.55554	116.508	2.88865e+06	1801.41	0	0	0	0
0.127756	3.55571	116.511	2.88864e+06	1801.32	0	0	0	0
0.128257	3.55589	116.515	2.88864e+06	1801.23	0	0	0	0
0.128758	3.55607	116.518	2.88864e+06	1801.14	0	0	0	0
0.129259	3.55625	116.521	2.88864e+06	1801.04	0	0	0	0
0.12976	3.55643	116.524	2.88863e+06	1800.95	0	0	0	0
0.130261	3.5566	116.527	2.88863e+06	1800.86	0	0	0	0
0.130762	3.55678	116.53	2.88863e+06	1800.77	0	0	0	0
0.131263	3.55696	116.533	2.88863e+06	1800.68	0	0	0	0
0.131764	3.55714	116.537	2.88862e+06	1800.59	0	0	0	0
0.132265	3.55732	116.54	2.88862e+06	1800.49	0	0	0	0
0.132766	3.5575	116.543	2.88862e+06	1800.4	0	0	0	0
0.133267	3.55767	116.546	2.88862e+06	1800.31	0	0	0	0
0.133768	3.55785	116.549	2.88861e+06	1800.22	0	0	0	0
0.134269	3.55803	116.552	2.88861e+06	1800.13	0	0	0	0
0.13477	3.55821	116.555	2.88861e+06	1800.03	0	0	0	0
0.135271	3.55839	116.559	2.88861e+06	1799.94	0	0	0	0
0.135772	3.55857	116.562	2.8886e+06	1799.85	0	0	0	0
0.136273	3.55874	116.565	2.8886e+06	1799.76	0	0	0	0
0.136774	3.55892	116.568	2.8886e+06	1799.67	0	0	0	0
0.137275	3.5591	116.571	2.8886e+06	1799.58	0	0	0	0
0.137776	3.55928	116.574	2.8886e+06	1799.48	0	0	0	0
0.138277	3.55946	116.577	2.88859e+06	1799.39	0	0	0	0
0.138778	3.55963	116.581	2.88859e+06	1799.3	0	0	0	0
0.139279	3.55981	116.584	2.88859e+06	1799.21	0	0	0	0
0.13978	3.55999	116.587	2.88859e+06	1799.12	0	0	0	0
0.140281	3.56017	116.59	2.88858e+06	1799.03	0	0	0	0
0.140782	3.56034	116.593	2.88858e+06	1798.94	0	0	0	0
0.141283	3.56052	116.596	2.88858e+06	1798.85	0	0	0	0
0.141784	3.5607	116.599	2.88858e+06	1798.76	0	0	0	0
0.142285	3.56087	116.603	2.88857e+06	1798.66	0	0	0	0
0.142786	3.56105	116.606	2.88857e+06	1798.57	0	0	0	0
0.143287	3.56123	116.609	2.88857e+06	1798.48	0	0	0	0
0.143788	3.5614	116.612	2.88857e+06	1798.39	0	0	0	0
0.144289	3.56158	116.615	2.88856e+06	1798.3	0	0	0	0
0.14479	3.56175	116.618	2.88856e+06	1798.21	0	0	0	0
0.145291	3.56192	116.621	2.88856e+06	1798.13	0	0	0	0
0.145792	3.5621	116.625	2.88856e+06	1798.04	0	0	0	0
0.146293	3.56227	116.628	2.88855e+06	1797.95	0	0	0	0
0.146794	3.56244	116.631	2.88855e+06	1797.86	0	0	0	0
0.147295	3.56261	116.634	2.88855e+06	1797.77	0	0	0	0
0.147796	3.56278	116.637	2.88855e+06	1797.68	0	0	0	0
0.148297	3.56295	116.641	2.88855e+06	1797.6	0	0	0	0
0.148798	3.56313	116.645	2.88855e+06	1797.51	0	0	0	0
0.149299	3.5633	116.651	2.88856e+06	1797.43	0	0	0	0
0.1498	3.56351	116.665	2.88859e+06	1797.35	0	0	0	0
0.150301	3.56376	116.699	2.88868e+06	1797.27	0	0	0	0
0.150802	3.56405	116.767	2.8888e+06	1797.2	0	0	0	0
0.151303	3.56435	116.881	2.88894e+06	1797.14	0	0	0	0
0.151804	3.56464	117.045	2.88906e+06	1797.07	0	0	0	0
0.152305	3.5649	117.263	2.88917e+06	1797	0	0	0	0
0.152806	3.56514	117.534	2.88925e+06	1796.93	0	0	0	0
0.153307	3.56536	117.858	2.88931e+06	1796.86	0	0	0	0
0.153808	3.56554	118.235	2.88934e+06	1796.79	0	0	0	0
0.154309	3.5657	118.665	2.88935e+06	1796.71	0	0	0	0
0.15481	3.56584	119.148	2.88933e+06	1796.63	0	0	0	0
0.155311	3.56594	119.684	2.88929e+06	1796.55	0	0	0	0
0.155812	3.56602	120.274	2.88923e+06	1796.47	0	0	0	0
0.156313	3.56607	120.916	2.88914e+06	1796.39	0	0	0	0
0.156814	3.5661	121.613	2.88902e+06	1796.31	0	0	0	0
0.157315	3.56609	122.363	2.88888e+06	1796.22	0	0	0	0
0.157816	3.56606	123.169	2.88871e+06	1796.13	0	0	0	0
0.158317	3.566	124.03	2.88851e+06	1796.04	0	0	0	0
0.158818	3.5659	124.948	2.88829e+06	1795.95	0	0	0	0
0.159319	3.56578	125.923	2.88804e+06	1795.86	0	0	0	0
0.15982	3.56562	126.956	2.88776e+06	1795.76	0	0	0	0
0.160321	3.56543	128.048	2.88745e+06	1795.67	0	0	0	0
0.160822	3.56521	129.201	2.88711e+06	1795.57	0	0	0	0
0.161323	3.56495	130.416	2.88674e+06	1795.46	0	0	0	0
0.161824	3.56466	131.695	2.88633e+06	1795.36	0	0	0	0
0.162325	3.56432	133.038	2.88589e+06	1795.25	0	0	0	0
0.162826	3.56395	134.449	2.88541e+06	1795.14	0	0	0	0
0.163327	3.56354	135.928	2.88489e+06	1795.03	0	0	0	0
0.163828	3.56308	137.478	2.88434e+06	1794.92	0	0	0	0
0.164329	3.56257	139.1	2.88374e+06	1794.8	0	0	0	0
0.16483	3.56202	140.797	2.8831e+06	1794.68	0	0	0	0
0.165331	3.56142	142.572	2.88241e+06	1794.55	0	0	0	0
0.165832	3.56076	144.427	2.88167e+06	1794.42	0	0	0	0
0.166333	3.56005	146.365	2.88088e+06	1794.29	0	0	0	0
0.166834	3.55928	148.388	2.88004e+06	1794.15	0	0	0	0
0.167335	3.55845	150.5	2.87913e+06	1794.01	0	0	0	0
0.167836	3.55755	152.704	2.87817e+06	1793.86	0	0	0	0
0.168337	3.55658	155.003	2.87714e+06	1793.71	0	0	0	0
0.168838	3.55554	157.402	2.87604e+06	1793.55	0	0	0	0
0.169339	3.55442	159.904	2.87487e+06	1793.38	0	0	0	0
0.16984	3.55321	162.514	2.87362e+06	1793.21	0	0	0	0
0.170341	3.55191	165.235	2.87228e+06	1793.03	0	0	0	0
0.170842	3.55052	168.072	2.87086e+06	1792.84	0	0	0	0
0.171343	3.54903	171.031	2.86934e+06	1792.65	0	0	0	0
0.171844	3.54743	174.117	2.86771e+06	1792.44	0	0	0	0
0.172345	3.54571	177.335	2.86598e+06	1792.23	0	0	0	0
0.172846	3.54387	180.69	2.86413e+06	1792	0	0	0	0
0.173347	3.54189	184.19	2.86215e+06	1791.76	0	0	0	0
0.173848	3.53978	187.841	2.86004e+06	1791.51	0	0	0	0
0.174349	3.53751	191.65	2.85778e+06	1791.25	0	0	0	0
0.17485	3.53507	195.623	2.85537e+06	1790.97	0	0	0	0
0.175351	3.53246	199.77	2.85279e+06	1790.67	0	0	0	0
0.175852	3.52966	204.097	2.85003e+06	1790.36	0	0	0	0
0.176353	3.52665	208.615	2.84707e+06	1790.02	0	0	0	0
0.176854	3.52342	213.332	2.8439e+06	1789.67	0	0	0	0
0.177355	3.51995	218.257	2.8405e+06	1789.29	0	0	0	0
0.177856	3.51623	223.401	2.83686e+06	1788.89	0	0	0	0
0.178357	3.51223	228.775	2.83296e+06	1788.47	0	0	0	0
0.178858	3.50793	234.391	2.82877e+06	1788.01	0	0	0	0
0.179359	3.50331	240.26	2.82426e+06	1787.52	0	0	0	0
0.17986	3.49833	246.395	2.81943e+06	1787	0	0	0	0
0.180361	3.49298	252.81	2.81423e+06	1786.43	0	0	0	0
0.180862	3.48721	259.518	2.80863e+06	1785.83	0	0	0	0
0.181363	3.481	266.535	2.80261e+06	1785.18	0	0	0	0
0.181864	3.47431	273.877	2.79613e+06	1784.48	0	0	0	0
0.182365	3.46709	281.559	2.78915e+06	1783.73	0	0	0	0
0.182866	3.45931	289.599	2.78162e+06	1782.92	0	0	0	0
0.183367	3.45091	298.014	2.77351e+06	1782.05	0	0	0	0
0.183868	3.44184	306.825	2.76475e+06	1781.1	0	0	0	0
0.184369	3.43205	316.049	2.75531e+06	1780.08	0	0	0	0
0.18487	3.42147	325.708	2.74511e+06	1778.97	0	0	0	0
0.185371	3.41005	335.823	2.73409e+06	1777.77	0	0	0	0
0.185872	3.39769	346.415	2.7222e+06	1776.48	0	0	0	0
0.186373	3.38434	357.507	2.70935e+06	1775.07	0	0	0	0
0.186874	3.3699	369.123	2.69547e+06	1773.54	0	0	0	0
0.187375	3.3543	381.285	2.68047e+06	1771.87	0	0	0	0
0.187876	3.33742	394.016	2.66426e+06	1770.07	0	0	0	0
0.188377	3.31918	407.341	2.64677e+06	1768.1	0	0	0	0
0.188878	3.29947	421.283	2.62788e+06	1765.97	0	0	0	0
0.189379	3.27818	435.868	2.60749e+06	1763.65	0	0	0	0
0.18988	3.2552	451.117	2.5855e+06	1761.13	0	0	0	0
0.190381	3.23039	467.053	2.5618e+06	1758.39	0	0	0	0
0.190882	3.20365	483.698	2.53629e+06	1755.4	0	0	0	0
0.191383	3.17484	501.071	2.50884e+06	1752.16	0	0	0	0
0.191884	3.14385	519.189	2.47936e+06	1748.65	0	0	0	0
0.192385	3.11054	538.067	2.44774e+06	1744.83	0	0	0	0
0.192886	3.07482	557.717	2.41388e+06	1740.68	0	0	0	0
0.193387	3.03656	578.146	2.3777e+06	1736.19	0	0	0	0
0.193888	2.99567	599.356	2.33912e+06	1731.34	0	0	0	0
0.194389	2.95208	621.345	2.29809e+06	1726.09	0	0	0	0
0.19489	2.90572	644.103	2.25459e+06	1720.43	0	0	0	0
0.195391	2.85656	667.613	2.20859e+06	1714.33	0	0	0	0
0.195892	2.80461	691.85	2.16014e+06	1707.79	0	0	0	0
0.196393	2.74989	716.778	2.10929e+06	1700.77	0	0	0	0
0.196894	2.69248	742.349	2.05616e+06	1693.27	0	0	0	0
0.197395	2.63253	768.503	2.00089e+06	1685.29	0	0	0	0
0.197896	2.57021	795.163	1.9437e+06	1676.81	0	0	0	0
0.198397	2.50577	822.231	1.88485e+06	1667.86	0	0	0	0
0.198898	2.43956	849.586	1.82467e+06	1658.43	0	0	0	0
0.199399	2.37198	877.078	1.76359e+06	1648.58	0	0	0	0
0.1999	2.30366	904.555	1.70217e+06	1638.36	0	0	0	0
0.200401	2.23522	931.943	1.64102e+06	1627.86	0	0	0	0
0.200902	2.1669	959.264	1.58035e+06	1617.1	0	0	0	0
0.201403	2.0986	986.574	1.52009e+06	1606.07	0	0	0	0
0.201904	2.03025	1013.92	1.4602e+06	1594.73	0	0	0	0
0.202405	1.96181	1041.3	1.40065e+06	1583.05	0	0	0	0
0.202906	1.89342	1068.69	1.34156e+06	1571.04	0	0	0	0
0.203407	1.82529	1096.07	1.28315e+06	1558.72	0	0	0	0
0.203908	1.75758	1123.41	1.22554e+06	1546.1	0	0	0	0
0.204409	1.69043	1150.68	1.16888e+06	1533.19	0	0	0	0
0.20491	1.62402	1177.88	1.1133e+06	1520	0	0	0	0
0.205411	1.55839	1204.96	1.05884e+06	1506.54	0	0	0	0
0.205912	1.49382	1231.84	1.00574e+06	1492.83	0	0	0	0
0.206413	1.43068	1258.46	954275	1478.95	0	0	0	0
0.206914	1.36905	1284.78	904503	1464.92	0	0	0	0
0.207415	1.30903	1310.76	856488	1450.76	0	0	0	0
0.207916	1.25089	1336.32	810413	1436.52	0	0	0	0
0.208417	1.19474	1361.42	766353	1422.26	0	0	0	0
0.208918	1.14068	1386.01	724338	1408	0	0	0	0
0.209419	1.08886	1410.04	684464	1393.8	0	0	0	0
0.20992	1.03931	1433.46	646707	1379.71	0	0	0	0
0.210421	0.992097	1456.24	611090	1365.76	0	0	0	0
0.210922	0.947255	1478.34	577592	1352	0	0	0	0
0.211423	0.904784	1499.71	546174	1338.47	0	0	0	0
0.211924	0.864688	1520.35	516800	1325.22	0	0	0	0
0.212425	0.826917	1540.22	489393	1312.26	0	0	0	0
0.212926	0.791431	1559.32	463887	1299.64	0	0	0	0
0.213427	0.758155	1577.64	440190	1287.38	0	0	0	0
0.213928	0.727019	1595.17	418216	1275.5	0	0	0	0
0.214429	0.697926	1611.92	397866	1264.01	0	0	0	0
0.21493	0.670785	1627.9	379045	1252.94	0	0	0	0
0.215431	0.645491	1643.12	361650	1242.29	0	0	0	0
0.215932	0.62194	1657.59	345585	1232.05	0	0	0	0
0.216433	0.600027	1671.35	330754	1222.24	0	0	0	0
0.216934	0.579644	1684.42	317063	1212.85	0	0	0	0
0.217435	0.560691	1696.81	304426	1203.87	0	0	0	0
0.217936	0.543069	1708.57	292757	1195.3	0	0	0	0
0.218437	0.526672	1719.71	281973	1187.11	0	0	0	0
0.218938	0.511422	1730.27	272009	1179.31	0	0	0	0
0.219439	0.49723	1740.27	262794	1171.87	0	0	0	0
0.21994	0.484005	1749.75	254257	1164.79	0	0	0	0
0.220441	0.471676	1758.73	246344	1158.04	0	0	0	0
0.220942	0.460183	1767.24	239009	1151.61	0	0	0	0
0.221443	0.449458	1775.31	232199	1145.5	0	0	0	0
0.221944	0.439431	1782.96	225865	1139.68	0	0	0	0
0.222445	0.43005	1790.22	219967	1134.13	0	0	0	0
0.222946	0.421265	1797.11	214469	1128.84	0	0	0	0
0.223447	0.413032	1803.65	209340	1123.8	0	0	0	0
0.223948	0.40531	1809.87	204549	1119.01	0	0	0	0
0.224449	0.398063	1815.77	200071	1114.44	0	0	0	0
0.22495	0.391254	1821.38	195880	1110.08	0	0	0	0
0.225451	0.384849	1826.71	191952	1105.92	0	0	0	0
0.225952	0.378816	1831.79	188265	1101.96	0	0	0	0
0.226453	0.373131	1836.63	184803	1098.17	0	0	0	0
0.226954	0.36777	1841.23	181549	1094.56	0	0	0	0
0.227455	0.362713	1845.61	178488	1091.11	0	0	0	0
0.227956	0.357934	1849.79	175605	1087.82	0	0	0	0
0.228457	0.353415	1853.78	172887	1084.68	0	0	0	0
0.228958	0.349137	1857.58	170320	1081.67	0	0	0	0
0.229459	0.345083	1861.22	167894	1078.79	0	0	0	0
0.22996	0.341238	1864.69	165600	1076.03	0	0	0	0
0.230461	0.337589	1868.01	163427	1073.39	0	0	0	0
0.230962	0.334132	1871.17	161373	1070.87	0	0	0	0
0.231463	0.330856	1874.19	159432	1068.46	0	0	0	0
0.231964	0.327744	1877.09	157591	1066.15	0	0	0	0
0.232465	0.324779	1879.86	155841	1063.94	0	0	0	0
0.232966	0.321955	1882.5	154178	1061.82	0	0	0	0
0.233467	0.319278	1885.03	152603	1059.79	0	0	0	0
0.233968	0.316736	1887.45	151112	1057.85	0	0	0	0
0.234469	0.314309	1889.76	149690	1055.99	0	0	0	0
0.23497	0.311993	1891.98	148335	1054.2	0	0	0	0
0.235471	0.309795	1894.1	147052	1052.49	0	0	0	0
0.235972	0.307703	1896.13	145832	1050.86	0	0	0	0
0.236473	0.3057	1898.07	144665	1049.28	0	0	0	0
0.236974	0.303797	1899.92	143559	1047.78	0	0	0	0
0.237475	0.30199	1901.7	142510	1046.35	0	0	0	0
0.237976	0.300256	1903.4	141504	1044.97	0	0	0	0
0.238477	0.29861	1905.02	140551	1043.65	0	0	0	0
0.238978	0.297046	1906.58	139646	1042.39	0	0	0	0
0.239479	0.295546	1908.06	138780	1041.18	0	0	0	0
0.23998	0.294123	1909.48	137958	1040.02	0	0	0	0
0.240481	0.292766	1910.84	137176	1038.92	0	0	0	0
0.240982	0.291472	1912.13	136431	1037.86	0	0	0	0
0.241483	0.290245	1913.37	135724	1036.85	0	0	0	0
0.241984	0.28907	1914.55	135049	1035.88	0	0	0	0
0.242485	0.287957	1915.67	134410	1034.97	0	0	0	0
0.242986	0.286899	1916.74	133802	1034.09	0	0	0	0
0.243487	0.285892	1917.76	133225	1033.25	0	0	0	0
0.243988	0.284939	1918.73	132679	1032.46	0	0	0	0
0.244489	0.284032	1919.65	132159	1031.7	0	0	0	0
0.24499	0.283174	1920.52	131668	1030.98	0	0	0	0
0.245491	0.282359	1921.35	131201	1030.29	0	0	0	0
0.245992	0.281589	1922.14	130761	1029.64	0	0	0	0
0.246493	0.280861	1922.88	130345	1029.03	0	0	0	0
0.246994	0.280175	1923.58	129953	1028.45	0	0	0	0
0.247495	0.279527	1924.24	129584	1027.9	0	0	0	0
0.247996	0.278921	1924.86	129238	1027.38	0	0	0	0
0.248497	0.278353	1925.43	128914	1026.9	0	0	0	0
0.248998	0.277835	1925.94	128619	1026.45	0	0	0	0
0.249499	0.277383	1926.28	128361	1026.07	0	0	0	0
0.25	0.27717	1926.39	128239	1025.88	0	0	0	0
