x[m]	rho[kg/m3]	u[m/s]	p[Pa]	T[K]	P_r[m]	P_u[m/s]	P_T[K]	P_N[-]
0	19.7965	13.4031	2.87596e+06	322.12	0.000103084	10.021	300.028	7550
0.000501002	19.6637	13.4034	2.87596e+06	324.295	9.57896e-05	10.0845	300.116	14900
0.001002	19.5292	13.4036	2.87596e+06	326.529	8.33931e-05	10.1731	300.241	14810
0.00150301	19.393	13.4038	2.87596e+06	328.823	6.2368e-05	10.2746	300.374	14390
0.00200401	19.255	13.404	2.87596e+06	331.179	4.14055e-05	10.3546	300.48	4170
0.00250501	19.1153	13.4043	2.87596e+06	333.6	0	0	0	0
0.00300601	18.9737	13.4045	2.87596e+06	336.089	0	0	0	0
0.00350701	18.8304	13.4047	2.87596e+06	338.647	0	0	0	0
0.00400802	18.6852	13.4049	2.87596e+06	341.278	0	0	0	0
0.00450902	18.5381	13.4052	2.87596e+06	343.985	0	0	0	0
0.00501002	18.3892	13.4054	2.87596e+06	346.771	0	0	0	0
0.00551102	18.2384	13.4056	2.87596e+06	349.639	0	0	0	0
0.00601202	18.0856	13.4059	2.87596e+06	352.592	0	0	0	0
0.00651303	17.9309	13.4061	2.87596e+06	355.635	0	0	0	0
0.00701403	17.7742	13.4063	2.87596e+06	358.771	0	0	0	0
0.00751503	17.6154	13.4066	2.87596e+06	362.003	0	0	0	0
0.00801603	17.4547	13.4068	2.87596e+06	365.337	0	0	0	0
0.00851703	17.2919	13.407	2.87596e+06	368.777	0	0	0	0
0.00901804	17.127	13.4072	2.87596e+06	372.327	0	0	0	0
0.00951904	16.96	13.4075	2.87596e+06	375.994	0	0	0	0
0.01002	16.7908	13.4077	2.87596e+06	379.781	0	0	0	0
0.010521	16.6195	13.4079	2.87596e+06	383.696	0	0	0	0
0.011022	16.446	13.4082	2.87596e+06	387.744	0	0	0	0
0.011523	16.2703	13.4084	2.87596e+06	391.932	0	0	0	0
0.012024	16.0923	13.4086	2.87596e+06	396.267	0	0	0	0
0.0125251	15.912	13.4089	2.87596e+06	400.756	0	0	0	0
0.0130261	15.7294	13.4091	2.87596e+06	405.408	0	0	0	0
0.0135271	15.5445	13.4093	2.87596e+06	410.231	0	0	0	0
0.0140281	15.3572	13.4095	2.87596e+06	415.234	0	0	0	0
0.0145291	15.1676	13.4098	2.87596e+06	420.426	0	0	0	0
0.0150301	14.9754	13.41	2.87595e+06	425.82	0	0	0	0
0.0155311	14.7809	13.4102	2.87595e+06	431.426	0	0	0	0
0.0160321	14.5838	13.4105	2.87595e+06	437.255	0	0	0	0
0.0165331	14.3842	13.4107	2.87595e+06	443.323	0	0	0	0
0.0170341	14.182	13.4109	2.87595e+06	449.642	0	0	0	0
0.0175351	13.9773	13.4112	2.87595e+06	456.228	0	0	0	0
0.0180361	13.7699	13.4114	2.87595e+06	463.099	0	0	0	0
0.0185371	13.5599	13.4116	2.87595e+06	470.272	0	0	0	0
0.0190381	13.3472	13.4118	2.87595e+06	477.767	0	0	0	0
0.0195391	13.1317	13.4121	2.87595e+06	485.605	0	0	0	0
0.0200401	12.9135	13.4123	2.87595e+06	493.81	0	0	0	0
0.0205411	12.6925	13.4126	2.87595e+06	502.409	0	0	0	0
0.0210421	12.4687	13.4128	2.87595e+06	511.428	0	0	0	0
0.0215431	12.242	13.4131	2.87595e+06	520.898	0	0	0	0
0.0220441	12.0124	13.4133	2.87595e+06	530.855	0	0	0	0
0.0225451	11.7798	13.4137	2.87595e+06	541.335	0	0	0	0
0.0230461	11.5443	13.4141	2.87595e+06	552.379	0	0	0	0
0.0235471	11.3058	13.4146	2.87596e+06	564.035	0	0	0	0
0.0240481	11.0642	13.4153	2.87596e+06	576.351	0	0	0	0
0.0245491	10.8195	13.4165	2.87596e+06	589.387	0	0	0	0
0.0250501	10.5717	13.4184	2.87597e+06	603.205	0	0	0	0
0.0255511	10.3207	13.4217	2.87599e+06	617.877	0	0	0	0
0.0260521	10.0666	13.4277	2.87603e+06	633.483	0	0	0	0
0.0265531	9.80925	13.4388	2.87609e+06	650.114	0	0	0	0
0.0270541	9.54877	13.4594	2.8762e+06	667.876	0	0	0	0
0.0275551	9.28521	13.4987	2.87642e+06	686.885	0	0	0	0
0.0280561	9.01875	13.5741	2.87683e+06	707.281	0	0	0	0
0.0285571	8.74979	13.7211	2.87763e+06	729.223	0	0	0	0
0.0290581	8.4791	14.0112	2.87917e+06	752.906	0	0	0	0
0.0295591	8.20827	14.591	2.8822e+06	778.568	0	0	0	0
0.0300601	7.94047	15.7661	2.88826e+06	806.515	0	0	0	0
0.0305611	7.67988	17.5733	2.89074e+06	834.6	0	0	0	0
0.0310621	7.42946	19.7338	2.8913e+06	862.897	0	0	0	0
0.0315631	7.19035	22.09	2.89081e+06	891.443	0	0	0	0
0.0320641	6.96281	24.5539	2.88979e+06	920.25	0	0	0	0
0.0325651	6.74657	27.0768	2.8885e+06	949.32	0	0	0	0
0.0330661	6.54118	29.632	2.88707e+06	978.644	0	0	0	0
0.0335671	6.34609	32.2052	2.88559e+06	1008.21	0	0	0	0
0.0340681	6.16072	34.7887	2.88409e+06	1038.01	0	0	0	0
0.0345691	5.98451	37.3782	2.88259e+06	1068.02	0	0	0	0
0.0350701	5.81693	39.9718	2.8811e+06	1098.22	0	0	0	0
0.0355711	5.65749	42.5683	2.87963e+06	1128.59	0	0	0	0
0.0360721	5.50571	45.1671	2.87818e+06	1159.12	0	0	0	0
0.0365731	5.36117	47.7679	2.87674e+06	1189.77	0	0	0	0
0.0370741	5.22348	50.3706	2.87532e+06	1220.53	0	0	0	0
0.0375752	5.09227	52.9751	2.87391e+06	1251.37	0	0	0	0
0.0380762	4.96723	55.5815	2.87253e+06	1282.25	0	0	0	0
0.0385772	4.84803	58.1896	2.87115e+06	1313.15	0	0	0	0
0.0390782	4.73442	60.7994	2.86979e+06	1344.02	0	0	0	0
0.0395792	4.62614	63.4111	2.86845e+06	1374.84	0	0	0	0
0.0400802	4.52297	66.0245	2.86711e+06	1405.54	0	0	0	0
0.0405812	4.42472	68.6397	2.86579e+06	1436.09	0	0	0	0
0.0410822	4.33121	71.2566	2.86448e+06	1466.43	0	0	0	0
0.0415832	4.2423	73.8754	2.86319e+06	1496.48	0	0	0	0
0.0420842	4.15787	76.4959	2.8619e+06	1526.19	0	0	0	0
0.0425852	4.07781	79.1182	2.86063e+06	1555.46	0	0	0	0
0.0430862	4.00205	81.7423	2.85936e+06	1584.2	0	0	0	0
0.0435872	3.93056	84.3682	2.85811e+06	1612.31	0	0	0	0
0.0440882	3.86332	86.9959	2.85687e+06	1639.66	0	0	0	0
0.0445892	3.80034	89.6254	2.85564e+06	1666.11	0	0	0	0
0.0450902	3.74168	92.2567	2.85442e+06	1691.51	0	0	0	0
0.0455912	3.68743	94.8897	2.85321e+06	1715.66	0	0	0	0
0.0460922	3.63772	97.5246	2.85201e+06	1738.38	0	0	0	0
0.0465932	3.59274	100.161	2.85082e+06	1759.41	0	0	0	0
0.0470942	3.5527	102.799	2.84965e+06	1778.51	0	0	0	0
0.0475952	3.51792	105.436	2.84848e+06	1795.36	0	0	0	0
0.0480962	3.48873	108.068	2.8473e+06	1809.62	0	0	0	0
0.0485972	3.46555	110.679	2.84605e+06	1820.93	0	0	0	0
0.0490982	3.44875	113.217	2.84457e+06	1828.85	0	0	0	0
0.0495992	3.43839	115.51	2.84225e+06	1832.86	0	0	0	0
0.0501002	3.43336	116.989	2.83712e+06	1832.24	0	0	0	0
0.0506012	3.43132	117.59	2.83504e+06	1831.99	0	0	0	0
0.0511022	3.43049	117.834	2.8342e+06	1831.88	0	0	0	0
0.0516032	3.43016	117.933	2.83386e+06	1831.84	0	0	0	0
0.0521042	3.43003	117.974	2.83372e+06	1831.82	0	0	0	0
0.0526052	3.42998	117.99	2.83366e+06	1831.81	0	0	0	0
0.0531062	3.42997	117.997	2.83364e+06	1831.8	0	0	0	0
0.0536072	3.42996	118	2.83363e+06	1831.8	0	0	0	0
0.0541082	3.42997	118.001	2.83362e+06	1831.79	0	0	0	0
0.0546092	3.42997	118.002	2.83362e+06	1831.79	0	0	0	0
0.0551102	3.42998	118.002	2.83362e+06	1831.78	0	0	0	0
0.0556112	3.42998	118.003	2.83362e+06	1831.78	0	0	0	0
0.0561122	3.42999	118.003	2.83362e+06	1831.78	0	0	0	0
0.0566132	3.42999	118.003	2.83362e+06	1831.77	0	0	0	0
0.0571142	3.43	118.003	2.83362e+06	1831.77	0	0	0	0
0.0576152	3.43001	118.004	2.83362e+06	1831.77	0	0	0	0
0.0581162	3.43001	118.004	2.83362e+06	1831.76	0	0	0	0
0.0586172	3.43002	118.004	2.83362e+06	1831.76	0	0	0	0
0.0591182	3.43003	118.004	2.83362e+06	1831.76	0	0	0	0
0.0596192	3.43003	118.005	2.83362e+06	1831.75	0	0	0	0
0.0601202	3.43004	118.005	2.83362e+06	1831.75	0	0	0	0
0.0606212	3.43005	118.005	2.83362e+06	1831.74	0	0	0	0
0.0611222	3.43005	118.005	2.83362e+06	1831.74	0	0	0	0
0.0616232	3.43006	118.006	2.83362e+06	1831.74	0	0	0	0
0.0621242	3.43007	118.006	2.83362e+06	1831.73	0	0	0	0
0.0626253	3.43007	118.006	2.83362e+06	1831.73	0	0	0	0
0.0631263	3.43008	118.006	2.83362e+06	1831.73	0	0	0	0
0.0636273	3.43009	118.007	2.83362e+06	1831.72	0	0	0	0
0.0641283	3.43009	118.007	2.83362e+06	1831.72	0	0	0	0
0.0646293	3.4301	118.007	2.83362e+06	1831.72	0	0	0	0
0.0651303	3.4301	118.007	2.83362e+06	1831.71	0	0	0	0
0.0656313	3.43011	118.007	2.83362e+06	1831.71	0	0	0	0
0.0661323	3.43012	118.008	2.83362e+06	1831.7	0	0	0	0
0.0666333	3.43012	118.008	2.83362e+06	1831.7	0	0	0	0
0.0671343	3.43013	118.008	2.83362e+06	1831.7	0	0	0	0
0.0676353	3.43014	118.008	2.83362e+06	1831.69	0	0	0	0
0.0681363	3.43014	118.009	2.83362e+06	1831.69	0	0	0	0
0.0686373	3.43015	118.009	2.83362e+06	1831.69	0	0	0	0
0.0691383	3.43016	118.009	2.83362e+06	1831.68	0	0	0	0
0.0696393	3.43016	118.009	2.83362e+06	1831.68	0	0	0	0
0.0701403	3.43017	118.01	2.83362e+06	1831.68	0	0	0	0
0.0706413	3.43018	118.01	2.83361e+06	1831.67	0	0	0	0
0.0711423	3.43018	118.01	2.83361e+06	1831.67	0	0	0	0
0.0716433	3.43019	118.01	2.83361e+06	1831.66	0	0	0	0
0.0721443	3.4302	118.011	2.83361e+06	1831.66	0	0	0	0
0.0726453	3.4302	118.011	2.83361e+06	1831.66	0	0	0	0
0.0731463	3.43021	118.011	2.83361e+06	1831.65	0	0	0	0
0.0736473	3.43022	118.011	2.83361e+06	1831.65	0	0	0	0
0.0741483	3.43022	118.012	2.83361e+06	1831.65	0	0	0	0
0.0746493	3.43023	118.012	2.83361e+06	1831.64	0	0	0	0
0.0751503	3.43024	118.012	2.83361e+06	1831.64	0	0	0	0
0.0756513	3.43025	118.012	2.83361e+06	1831.63	0	0	0	0
0.0761523	3.43025	118.012	2.83361e+06	1831.63	0	0	0	0
0.0766533	3.43026	118.013	2.83361e+06	1831.63	0	0	0	0
0.0771543	3.43027	118.013	2.83361e+06	1831.62	0	0	0	0
0.0776553	3.43027	118.013	2.83361e+06	1831.62	0	0	0	0
0.0781563	3.43028	118.013	2.83361e+06	1831.62	0	0	0	0
0.0786573	3.43029	118.014	2.83361e+06	1831.61	0	0	0	0
0.0791583	3.43029	118.014	2.83361e+06	1831.61	0	0	0	0
0.0796593	3.4303	118.014	2.83361e+06	1831.6	0	0	0	0
0.0801603	3.43031	118.014	2.83361e+06	1831.6	0	0	0	0
0.0806613	3.43031	118.015	2.83361e+06	1831.6	0	0	0	0
0.0811623	3.43032	118.015	2.83361e+06	1831.59	0	0	0	0
0.0816633	3.43033	118.015	2.83361e+06	1831.59	0	0	0	0
0.0821643	3.43033	118.015	2.83361e+06	1831.59	0	0	0	0
0.0826653	3.43034	118.016	2.83361e+06	1831.58	0	0	0	0
0.0831663	3.43035	118.016	2.83361e+06	1831.58	0	0	0	0
0.0836673	3.43036	118.016	2.83361e+06	1831.57	0	0	0	0
0.0841683	3.43036	118.016	2.83361e+06	1831.57	0	0	0	0
0.0846693	3.43037	118.017	2.83361e+06	1831.57	0	0	0	0
0.0851703	3.43038	118.017	2.83361e+06	1831.56	0	0	0	0
0.0856713	3.43038	118.017	2.83361e+06	1831.56	0	0	0	0
0.0861723	3.43039	118.017	2.83361e+06	1831.55	0	0	0	0
0.0866733	3.4304	118.018	2.83361e+06	1831.55	0	0	0	0
0.0871743	3.4304	118.018	2.83361e+06	1831.55	0	0	0	0
0.0876754	3.43041	118.018	2.83361e+06	1831.54	0	0	0	0
0.0881764	3.43042	118.018	2.83361e+06	1831.54	0	0	0	0
0.0886774	3.43043	118.018	2.83361e+06	1831.54	0	0	0	0
0.0891784	3.43043	118.019	2.83361e+06	1831.53	0	0	0	0
0.0896794	3.43044	118.019	2.83361e+06	1831.53	0	0	0	0
0.0901804	3.43045	118.019	2.83361e+06	1831.52	0	0	0	0
0.0906814	3.43045	118.019	2.83361e+06	1831.52	0	0	0	0
0.0911824	3.43046	118.02	2.83361e+06	1831.52	0	0	0	0
0.0916834	3.43047	118.02	2.83361e+06	1831.51	0	0	0	0
0.0921844	3.43048	118.02	2.83361e+06	1831.51	0	0	0	0
0.0926854	3.43048	118.02	2.83361e+06	1831.5	0	0	0	0
0.0931864	3.43049	118.021	2.83361e+06	1831.5	0	0	0	0
0.0936874	3.4305	118.021	2.83361e+06	1831.5	0	0	0	0
0.0941884	3.4305	118.021	2.83361e+06	1831.49	0	0	0	0
0.0946894	3.43051	118.021	2.83361e+06	1831.49	0	0	0	0
0.0951904	3.43052	118.022	2.83361e+06	1831.48	0	0	0	0
0.0956914	3.43053	118.022	2.83361e+06	1831.48	0	0	0	0
0.0961924	3.43053	118.022	2.83361e+06	1831.48	0	0	0	0
0.0966934	3.43054	118.022	2.83361e+06	1831.47	0	0	0	0
0.0971944	3.43055	118.023	2.83361e+06	1831.47	0	0	0	0
0.0976954	3.43055	118.023	2.8336e+06	1831.46	0	0	0	0
0.0981964	3.43056	118.023	2.8336e+06	1831.46	0	0	0	0
0.0986974	3.43057	118.023	2.8336e+06	1831.46	0	0	0	0
0.0991984	3.43058	118.023	2.8336e+06	1831.45	0	0	0	0
0.0996994	3.43058	118.024	2.8336e+06	1831.45	0	0	0	0
0.1002	3.43059	118.024	2.8336e+06	1831.44	0	0	0	0
0.100701	3.4306	118.024	2.8336e+06	1831.44	0	0	0	0
0.101202	3.43061	118.024	2.8336e+06	1831.44	0	0	0	0
0.101703	3.43061	118.025	2.8336e+06	1831.43	0	0	0	0
0.102204	3.43062	118.025	2.8336e+06	1831.43	0	0	0	0
0.102705	3.43063	118.025	2.8336e+06	1831.42	0	0	0	0
0.103206	3.43064	118.025	2.8336e+06	1831.42	0	0	0	0
0.103707	3.43064	118.026	2.8336e+06	1831.42	0	0	0	0
0.104208	3.43065	118.026	2.8336e+06	1831.41	0	0	0	0
0.104709	3.43066	118.026	2.8336e+06	1831.41	0	0	0	0
0.10521	3.43066	118.026	2.8336e+06	1831.4	0	0	0	0
0.105711	3.43067	118.027	2.8336e+06	1831.4	0	0	0	0
0.106212	3.43068	118.027	2.8336e+06	1831.4	0	0	0	0
0.106713	3.43069	118.027	2.8336e+06	1831.39	0	0	0	0
0.107214	3.43069	118.027	2.8336e+06	1831.39	0	0	0	0
0.107715	3.4307	118.028	2.8336e+06	1831.38	0	0	0	0
0.108216	3.43071	118.028	2.8336e+06	1831.38	0	0	0	0
0.108717	3.43072	118.028	2.8336e+06	1831.37	0	0	0	0
0.109218	3.43072	118.028	2.8336e+06	1831.37	0	0	0	0
0.109719	3.43073	118.028	2.8336e+06	1831.37	0	0	0	0
0.11022	3.43074	118.029	2.8336e+06	1831.36	0	0	0	0
0.110721	3.43075	118.029	2.8336e+06	1831.36	0	0	0	0
0.111222	3.43076	118.029	2.8336e+06	1831.35	0	0	0	0
0.111723	3.43076	118.029	2.8336e+06	1831.35	0	0	0	0
0.112224	3.43077	118.03	2.8336e+06	1831.35	0	0	0	0
0.112725	3.43078	118.03	2.8336e+06	1831.34	0	0	0	0
0.113226	3.43079	118.03	2.8336e+06	1831.34	0	0	0	0
0.113727	3.43079	118.03	2.8336e+06	1831.33	0	0	0	0
0.114228	3.4308	118.031	2.8336e+06	1831.33	0	0	0	0
0.114729	3.43081	118.031	2.8336e+06	1831.32	0	0	0	0
0.11523	3.43082	118.031	2.8336e+06	1831.32	0	0	0	0
0.115731	3.43082	118.031	2.8336e+06	1831.32	0	0	0	0
0.116232	3.43083	118.032	2.8336e+06	1831.31	0	0	0	0
0.116733	3.43084	118.032	2.8336e+06	1831.31	0	0	0	0
0.117234	3.43085	118.032	2.8336e+06	1831.3	0	0	0	0
0.117735	3.43086	118.032	2.8336e+06	1831.3	0	0	0	0
0.118236	3.43086	118.033	2.8336e+06	1831.29	0	0	0	0
0.118737	3.43087	118.033	2.8336e+06	1831.29	0	0	0	0
0.119238	3.43088	118.033	2.8336e+06	1831.29	0	0	0	0
0.119739	3.43089	118.033	2.8336e+06	1831.28	0	0	0	0
0.12024	3.43089	118.033	2.8336e+06	1831.28	0	0	0	0
0.120741	3.4309	118.034	2.8336e+06	1831.27	0	0	0	0
0.121242	3.43091	118.034	2.8336e+06	1831.27	0	0	0	0
0.121743	3.43092	118.034	2.8336e+06	1831.27	0	0	0	0
0.122244	3.43093	118.034	2.8336e+06	1831.26	0	0	0	0
0.122745	3.43093	118.035	2.8336e+06	1831.26	0	0	0	0
0.123246	3.43094	118.035	2.8336e+06	1831.25	0	0	0	0
0.123747	3.43095	118.035	2.8336e+06	1831.25	0	0	0	0
0.124248	3.43096	118.035	2.8336e+06	1831.24	0	0	0	0
0.124749	3.43096	118.036	2.8336e+06	1831.24	0	0	0	0
0.125251	3.43097	118.036	2.8336e+06	1831.23	0	0	0	0
0.125752	3.43098	118.036	2.8336e+06	1831.23	0	0	0	0
0.126253	3.43099	118.036	2.8336e+06	1831.23	0	0	0	0
0.126754	3.431	118.037	2.83359e+06	1831.22	0	0	0	0
0.127255	3.431	118.037	2.83359e+06	1831.22	0	0	0	0
0.127756	3.43101	118.037	2.83359e+06	1831.21	0	0	0	0
0.128257	3.43102	118.037	2.83359e+06	1831.21	0	0	0	0
0.128758	3.43103	118.037	2.83359e+06	1831.2	0	0	0	0
0.129259	3.43104	118.038	2.83359e+06	1831.2	0	0	0	0
0.12976	3.43104	118.038	2.83359e+06	1831.2	0	0	0	0
0.130261	3.43105	118.038	2.83359e+06	1831.19	0	0	0	0
0.130762	3.43106	118.038	2.83359e+06	1831.19	0	0	0	0
0.131263	3.43107	118.039	2.83359e+06	1831.18	0	0	0	0
0.131764	3.43108	118.039	2.83359e+06	1831.18	0	0	0	0
0.132265	3.43109	118.039	2.83359e+06	1831.17	0	0	0	0
0.132766	3.43109	118.039	2.83359e+06	1831.17	0	0	0	0
0.133267	3.4311	118.04	2.83359e+06	1831.16	0	0	0	0
0.133768	3.43111	118.04	2.83359e+06	1831.16	0	0	0	0
0.134269	3.43112	118.04	2.83359e+06	1831.16	0	0	0	0
0.13477	3.43113	118.04	2.83359e+06	1831.15	0	0	0	0
0.135271	3.43113	118.041	2.83359e+06	1831.15	0	0	0	0
0.135772	3.43114	118.041	2.83359e+06	1831.14	0	0	0	0
0.136273	3.43115	118.041	2.83359e+06	1831.14	0	0	0	0
0.136774	3.43116	118.041	2.83359e+06	1831.13	0	0	0	0
0.137275	3.43117	118.042	2.83359e+06	1831.13	0	0	0	0
0.137776	3.43117	118.042	2.83359e+06	1831.12	0	0	0	0
0.138277	3.43118	118.042	2.83359e+06	1831.12	0	0	0	0
0.138778	3.43119	118.042	2.83359e+06	1831.12	0	0	0	0
0.139279	3.4312	118.042	2.83359e+06	1831.11	0	0	0	0
0.13978	3.43121	118.043	2.83359e+06	1831.11	0	0	0	0
0.140281	3.43121	118.043	2.83359e+06	1831.1	0	0	0	0
0.140782	3.43122	118.043	2.83359e+06	1831.1	0	0	0	0
0.141283	3.43123	118.043	2.83359e+06	1831.09	0	0	0	0
0.141784	3.43124	118.044	2.83359e+06	1831.09	0	0	0	0
0.142285	3.43125	118.044	2.83359e+06	1831.09	0	0	0	0
0.142786	3.43125	118.044	2.83359e+06	1831.08	0	0	0	0
0.143287	3.43126	118.044	2.83359e+06	1831.08	0	0	0	0
0.143788	3.43127	118.045	2.83359e+06	1831.07	0	0	0	0
0.144289	3.43128	118.045	2.83359e+06	1831.07	0	0	0	0
0.14479	3.43129	118.045	2.83359e+06	1831.06	0	0	0	0
0.145291	3.43129	118.045	2.83359e+06	1831.06	0	0	0	0
0.145792	3.4313	118.046	2.83359e+06	1831.06	0	0	0	0
0.146293	3.43131	118.046	2.83359e+06	1831.05	0	0	0	0
0.146794	3.43131	118.046	2.83359e+06	1831.05	0	0	0	0
0.147295	3.43132	118.046	2.83359e+06	1831.04	0	0	0	0
0.147796	3.43133	118.047	2.83359e+06	1831.04	0	0	0	0
0.148297	3.43134	118.047	2.83359e+06	1831.04	0	0	0	0
0.148798	3.43135	118.048	2.83359e+06	1831.03	0	0	0	0
0.149299	3.43136	118.052	2.8336e+06	1831.03	0	0	0	0
0.1498	3.43141	118.063	2.83364e+06	1831.03	0	0	0	0
0.150301	3.4315	118.094	2.83373e+06	1831.04	0	0	0	0
0.150802	3.43163	118.16	2.83385e+06	1831.05	0	0	0	0
0.151303	3.43177	118.272	2.83399e+06	1831.07	0	0	0	0
0.151804	3.43189	118.436	2.83411e+06	1831.08	0	0	0	0
0.152305	3.432	118.653	2.83422e+06	1831.09	0	0	0	0
0.152806	3.43209	118.924	2.8343e+06	1831.1	0	0	0	0
0.153307	3.43215	119.249	2.83436e+06	1831.1	0	0	0	0
0.153808	3.43218	119.628	2.8344e+06	1831.11	0	0	0	0
0.154309	3.43219	120.06	2.83441e+06	1831.11	0	0	0	0
0.15481	3.43218	120.546	2.83439e+06	1831.1	0	0	0	0
0.155311	3.43214	121.085	2.83435e+06	1831.1	0	0	0	0
0.155812	3.43208	121.678	2.83429e+06	1831.09	0	0	0	0
0.156313	3.432	122.326	2.8342e+06	1831.08	0	0	0	0
0.156814	3.43188	123.027	2.83409e+06	1831.07	0	0	0	0
0.157315	3.43174	123.784	2.83395e+06	1831.05	0	0	0	0
0.157816	3.43158	124.596	2.83379e+06	1831.03	0	0	0	0
0.158317	3.43139	125.464	2.8336e+06	1831.01	0	0	0	0
0.158818	3.43117	126.389	2.83338e+06	1830.99	0	0	0	0
0.159319	3.43092	127.372	2.83313e+06	1830.96	0	0	0	0
0.15982	3.43065	128.414	2.83286e+06	1830.93	0	0	0	0
0.160321	3.43034	129.516	2.83256e+06	1830.9	0	0	0	0
0.160822	3.43	130.68	2.83222e+06	1830.87	0	0	0	0
0.161323	3.42963	131.906	2.83186e+06	1830.83	0	0	0	0
0.161824	3.42923	133.196	2.83146e+06	1830.79	0	0	0	0
0.162325	3.42879	134.552	2.83103e+06	1830.74	0	0	0	0
0.162826	3.42831	135.976	2.83056e+06	1830.69	0	0	0	0
0.163327	3.4278	137.469	2.83005e+06	1830.64	0	0	0	0
0.163828	3.42725	139.033	2.82951e+06	1830.58	0	0	0	0
0.164329	3.42665	140.671	2.82892e+06	1830.52	0	0	0	0
0.16483	3.42601	142.384	2.82829e+06	1830.46	0	0	0	0
0.165331	3.42532	144.176	2.82762e+06	1830.39	0	0	0	0
0.165832	3.42458	146.049	2.82689e+06	1830.31	0	0	0	0
0.166333	3.4238	148.006	2.82612e+06	1830.23	0	0	0	0
0.166834	3.42295	150.049	2.82529e+06	1830.15	0	0	0	0
0.167335	3.42205	152.181	2.8244e+06	1830.06	0	0	0	0
0.167836	3.42108	154.407	2.82346e+06	1829.96	0	0	0	0
0.168337	3.42005	156.729	2.82245e+06	1829.85	0	0	0	0
0.168838	3.41896	159.152	2.82137e+06	1829.74	0	0	0	0
0.169339	3.41778	161.679	2.82022e+06	1829.63	0	0	0	0
0.16984	3.41653	164.315	2.81899e+06	1829.5	0	0	0	0
0.170341	3.41519	167.063	2.81768e+06	1829.37	0	0	0	0
0.170842	3.41376	169.929	2.81628e+06	1829.22	0	0	0	0
0.171343	3.41224	172.918	2.81479e+06	1829.07	0	0	0	0
0.171844	3.41062	176.034	2.8132e+06	1828.91	0	0	0	0
0.172345	3.40888	179.285	2.8115e+06	1828.73	0	0	0	0
0.172846	3.40703	182.674	2.80968e+06	1828.54	0	0	0	0
0.173347	3.40505	186.21	2.80774e+06	1828.34	0	0	0	0
0.173848	3.40293	189.898	2.80567e+06	1828.13	0	0	0	0
0.174349	3.40067	193.745	2.80346e+06	1827.9	0	0	0	0
0.17485	3.39825	197.76	2.80109e+06	1827.66	0	0	0	0
0.175351	3.39567	201.948	2.79855e+06	1827.39	0	0	0	0
0.175852	3.3929	206.32	2.79584e+06	1827.11	0	0	0	0
0.176353	3.38994	210.884	2.79294e+06	1826.81	0	0	0	0
0.176854	3.38676	215.649	2.78983e+06	1826.49	0	0	0	0
0.177355	3.38336	220.625	2.7865e+06	1826.14	0	0	0	0
0.177856	3.37972	225.823	2.78293e+06	1825.77	0	0	0	0
0.178357	3.37581	231.252	2.7791e+06	1825.36	0	0	0	0
0.178858	3.37161	236.926	2.77498e+06	1824.93	0	0	0	0
0.179359	3.3671	242.856	2.77056e+06	1824.46	0	0	0	0
0.17986	3.36226	249.054	2.76582e+06	1823.96	0	0	0	0
0.180361	3.35706	255.535	2.76072e+06	1823.42	0	0	0	0
0.180862	3.35146	262.313	2.75523e+06	1822.83	0	0	0	0
0.181363	3.34543	269.403	2.74932e+06	1822.2	0	0	0	0
0.181864	3.33895	276.821	2.74296e+06	1821.52	0	0	0	0
0.182365	3.33196	284.583	2.73611e+06	1820.78	0	0	0	0
0.182866	3.32442	292.706	2.72872e+06	1819.98	0	0	0	0
0.183367	3.3163	301.209	2.72076e+06	1819.11	0	0	0	0
0.183868	3.30754	310.111	2.71217e+06	1818.17	0	0	0	0
0.184369	3.29808	319.432	2.7029e+06	1817.15	0	0	0	0
0.18487	3.28787	329.192	2.69289e+06	1816.05	0	0	0	0
0.185371	3.27684	339.412	2.68209e+06	1814.85	0	0	0	0
0.185872	3.26493	350.115	2.67042e+06	1813.55	0	0	0	0
0.186373	3.25206	361.323	2.65781e+06	1812.13	0	0	0	0
0.186874	3.23814	373.06	2.64419e+06	1810.59	0	0	0	0
0.187375	3.2231	385.349	2.62947e+06	1808.91	0	0	0	0
0.187876	3.20685	398.213	2.61357e+06	1807.09	0	0	0	0
0.188377	3.18929	411.677	2.5964e+06	1805.1	0	0	0	0
0.188878	3.17031	425.766	2.57787e+06	1802.94	0	0	0	0
0.189379	3.14982	440.503	2.55787e+06	1800.59	0	0	0	0
0.18988	3.1277	455.912	2.53629e+06	1798.04	0	0	0	0
0.190381	3.10383	472.015	2.51305e+06	1795.25	0	0	0	0
0.190882	3.0781	488.834	2.48801e+06	1792.22	0	0	0	0
0.191383	3.05039	506.389	2.46108e+06	1788.93	0	0	0	0
0.191884	3.02058	524.697	2.43216e+06	1785.35	0	0	0	0
0.192385	2.98856	543.774	2.40113e+06	1781.47	0	0	0	0
0.192886	2.9542	563.63	2.36792e+06	1777.25	0	0	0	0
0.193387	2.91742	584.273	2.33242e+06	1772.68	0	0	0	0
0.193888	2.87811	605.706	2.29457e+06	1767.74	0	0	0	0
0.194389	2.8362	627.926	2.25432e+06	1762.39	0	0	0	0
0.19489	2.79164	650.923	2.21164e+06	1756.62	0	0	0	0
0.195391	2.74439	674.681	2.16652e+06	1750.41	0	0	0	0
0.195892	2.69445	699.173	2.11899e+06	1743.74	0	0	0	0
0.196393	2.64186	724.363	2.0691e+06	1736.59	0	0	0	0
0.196894	2.58669	750.203	2.01698e+06	1728.94	0	0	0	0
0.197395	2.52907	776.633	1.96276e+06	1720.8	0	0	0	0
0.197896	2.46918	803.573	1.90665e+06	1712.15	0	0	0	0
0.198397	2.40726	830.926	1.84892e+06	1703.02	0	0	0	0
0.198898	2.34363	858.57	1.78988e+06	1693.4	0	0	0	0
0.199399	2.27869	886.351	1.72995e+06	1683.35	0	0	0	0
0.1999	2.21303	914.118	1.6697e+06	1672.92	0	0	0	0
0.200401	2.14728	941.795	1.60972e+06	1662.21	0	0	0	0
0.200902	2.08163	969.405	1.5502e+06	1651.23	0	0	0	0
0.201403	2.016	997.004	1.49109e+06	1639.97	0	0	0	0
0.201904	1.95033	1024.63	1.43233e+06	1628.4	0	0	0	0
0.202405	1.88457	1052.31	1.37391e+06	1616.48	0	0	0	0
0.202906	1.81886	1079.99	1.31595e+06	1604.22	0	0	0	0
0.203407	1.7534	1107.66	1.25865e+06	1591.65	0	0	0	0
0.203908	1.68834	1135.28	1.20214e+06	1578.77	0	0	0	0
0.204409	1.62383	1162.85	1.14656e+06	1565.59	0	0	0	0
0.20491	1.56002	1190.34	1.09203e+06	1552.13	0	0	0	0
0.205411	1.49697	1217.7	1.03861e+06	1538.39	0	0	0	0
0.205912	1.43494	1244.86	986525	1524.39	0	0	0	0
0.206413	1.37428	1271.76	936040	1510.23	0	0	0	0
0.206914	1.31507	1298.36	887216	1495.91	0	0	0	0
0.207415	1.25741	1324.62	840116	1481.45	0	0	0	0
0.207916	1.20155	1350.45	794919	1466.92	0	0	0	0
0.208417	1.14761	1375.82	751700	1452.35	0	0	0	0
0.208918	1.09567	1400.67	710486	1437.8	0	0	0	0
0.209419	1.0459	1424.95	671373	1423.31	0	0	0	0
0.20992	0.998291	1448.62	634336	1408.92	0	0	0	0
0.210421	0.952939	1471.64	599398	1394.68	0	0	0	0
0.210922	0.909862	1493.97	566540	1380.63	0	0	0	0
0.211423	0.869063	1515.58	535722	1366.82	0	0	0	0
0.211924	0.830544	1536.43	506908	1353.29	0	0	0	0
0.212425	0.79426	1556.52	480024	1340.06	0	0	0	0
0.212926	0.760171	1575.82	455005	1327.17	0	0	0	0
0.213427	0.728206	1594.33	431760	1314.66	0	0	0	0
0.213928	0.698295	1612.05	410206	1302.53	0	0	0	0
0.214429	0.670348	1628.98	390245	1290.8	0	0	0	0
0.21493	0.644276	1645.13	371782	1279.5	0	0	0	0
0.215431	0.619978	1660.51	354720	1268.62	0	0	0	0
0.215932	0.597355	1675.14	338962	1258.18	0	0	0	0
0.216433	0.576305	1689.05	324414	1248.16	0	0	0	0
0.216934	0.556724	1702.26	310984	1238.57	0	0	0	0
0.217435	0.538518	1714.78	298588	1229.41	0	0	0	0
0.217936	0.521589	1726.66	287142	1220.65	0	0	0	0
0.218437	0.505838	1737.93	276564	1212.3	0	0	0	0
0.218938	0.491188	1748.6	266790	1204.33	0	0	0	0
0.219439	0.477556	1758.71	257751	1196.74	0	0	0	0
0.21994	0.464851	1768.29	249377	1189.51	0	0	0	0
0.220441	0.453007	1777.37	241616	1182.61	0	0	0	0
0.220942	0.441967	1785.97	234420	1176.06	0	0	0	0
0.221443	0.431664	1794.13	227740	1169.82	0	0	0	0
0.221944	0.422032	1801.86	221527	1163.87	0	0	0	0
0.222445	0.413019	1809.2	215741	1158.21	0	0	0	0
0.222946	0.40458	1816.17	210349	1152.81	0	0	0	0
0.223447	0.396671	1822.78	205317	1147.67	0	0	0	0
0.223948	0.389253	1829.07	200617	1142.77	0	0	0	0
0.224449	0.38229	1835.03	196225	1138.11	0	0	0	0
0.22495	0.37575	1840.7	192114	1133.66	0	0	0	0
0.225451	0.369596	1846.1	188260	1129.42	0	0	0	0
0.225952	0.3638	1851.23	184644	1125.37	0	0	0	0
0.226453	0.358338	1856.12	181247	1121.51	0	0	0	0
0.226954	0.353188	1860.78	178056	1117.82	0	0	0	0
0.227455	0.348329	1865.21	175053	1114.31	0	0	0	0
0.227956	0.343738	1869.44	172225	1110.95	0	0	0	0
0.228457	0.339396	1873.47	169558	1107.73	0	0	0	0
0.228958	0.335286	1877.32	167040	1104.66	0	0	0	0
0.229459	0.331391	1880.99	164661	1101.72	0	0	0	0
0.22996	0.327697	1884.51	162410	1098.91	0	0	0	0
0.230461	0.324191	1887.86	160278	1096.22	0	0	0	0
0.230962	0.320869	1891.06	158263	1093.65	0	0	0	0
0.231463	0.317722	1894.12	156359	1091.19	0	0	0	0
0.231964	0.314731	1897.04	154553	1088.83	0	0	0	0
0.232465	0.311882	1899.84	152836	1086.58	0	0	0	0
0.232966	0.309169	1902.52	151204	1084.41	0	0	0	0
0.233467	0.306596	1905.08	149660	1082.34	0	0	0	0
0.233968	0.304154	1907.52	148197	1080.36	0	0	0	0
0.234469	0.301821	1909.87	146801	1078.46	0	0	0	0
0.23497	0.299596	1912.11	145473	1076.64	0	0	0	0
0.235471	0.297483	1914.25	144213	1074.9	0	0	0	0
0.235972	0.295473	1916.31	143017	1073.23	0	0	0	0
0.236473	0.293547	1918.28	141872	1071.62	0	0	0	0
0.236974	0.291719	1920.15	140787	1070.09	0	0	0	0
0.237475	0.289982	1921.95	139757	1068.63	0	0	0	0
0.237976	0.288315	1923.67	138771	1067.22	0	0	0	0
0.238477	0.286732	1925.32	137835	1065.88	0	0	0	0
0.238978	0.285229	1926.89	136947	1064.59	0	0	0	0
0.239479	0.283787	1928.39	136097	1063.36	0	0	0	0
0.23998	0.282419	1929.83	135291	1062.18	0	0	0	0
0.240481	0.281115	1931.2	134524	1061.05	0	0	0	0
0.240982	0.279871	1932.51	133792	1059.97	0	0	0	0
0.241483	0.278691	1933.77	133099	1058.95	0	0	0	0
0.241984	0.277562	1934.96	132436	1057.96	0	0	0	0
0.242485	0.276491	1936.1	131809	1057.03	0	0	0	0
0.242986	0.275474	1937.18	131212	1056.13	0	0	0	0
0.243487	0.274506	1938.22	130646	1055.28	0	0	0	0
0.243988	0.273589	1939.2	130110	1054.47	0	0	0	0
0.244489	0.272716	1940.13	129599	1053.7	0	0	0	0
0.24499	0.271891	1941.02	129117	1052.96	0	0	0	0
0.245491	0.271107	1941.86	128659	1052.26	0	0	0	0
0.245992	0.270366	1942.66	128228	1051.6	0	0	0	0
0.246493	0.269665	1943.41	127819	1050.98	0	0	0	0
0.246994	0.269005	1944.12	127434	1050.39	0	0	0	0
0.247495	0.268382	1944.79	127071	1049.83	0	0	0	0
0.247996	0.267798	1945.42	126731	1049.3	0	0	0	0
0.248497	0.267252	1946	126414	1048.81	0	0	0	0
0.248998	0.266753	1946.52	126124	1048.36	0	0	0	0
0.249499	0.266317	1946.87	125870	1047.97	0	0	0	0
0.25	0.266112	1946.98	125751	1047.78	0	0	0	0
